1 28
2 33
3 21
4 22
5 51
6 46
7 53
8 40
9 35
10 34
11 69
12 35
13 64
14 42
15 57
16 54
17 76
18 65
19 73
20 59
21 60
22 50
23 52
24 81
25 52
26 55
27 84
28 260
29 90
30 96
31 88
32 51
33 76
34 92
35 110
36 91
37 85
38 86
39 175
40 109
41 90
42 83
43 89
44 115
45 130
46 128
47 143
48 133
49 137
50 131
51 134
52 245
53 133
54 189
55 243
56 223
57 209
58 205
59 224
60 247
61 238
62 253
63 227
64 296
65 341
66 335
67 362
68 350
69 296
70 364
71 337
72 307
73 263
74 290
75 286
76 156
77 5
78 0
79 0
80 0
81 0
82 0
83 0
84 0
85 0
86 0
87 0
88 0
89 0
90 0
91 0
92 0
93 0
94 0
95 0
96 0
97 0
98 0
99 0
100 0
101 0
102 0
103 0
104 0
105 0
106 0
107 0
108 0
109 0
110 0
111 0
112 0
113 0
114 0
115 0
116 0
117 0
118 0
119 0
120 0
121 0
122 0
123 0
124 0
125 0
126 0
127 0
128 0
129 0
130 0
131 0
132 0
133 0
134 0
135 0
136 0
137 0
138 0
139 0
140 0
141 0
142 855
143 1
144 49
145 1
146 186
147 26
148 15
149 39
150 1
151 402
152 45
153 6
154 17
155 17
156 411
157 7
158 764
159 23
160 6
161 1
162 3
163 14
164 168
165 2
166 3
167 55
168 14
169 38
170 295
171 90
172 144
173 103
174 26
175 12
176 13
177 1
178 30
179 90
180 6
181 3
182 40
183 1
184 19
185 0
186 325
187 49
188 70
189 0
190 67
191 10
192 26
193 13
194 32
195 29
196 41
197 10
198 659
199 597
200 455
201 67
202 19
203 7
204 7
205 11
206 28
207 6
208 41
209 353
210 2
211 128
212 13
213 8
214 92
215 19
216 122
217 41
218 194
219 0
220 61
221 783
222 170
223 484
224 53
225 14
226 8
227 54
228 234
229 0
230 303
231 136
232 3
233 846
234 13
235 710
236 175
237 2
238 1
239 525
240 481
241 196
242 11
243 1
244 86
245 69
246 13
247 121
248 1
249 59
250 42
251 308
252 66
253 210
254 109
255 53
256 3
257 101
258 398
259 2
260 48
261 1
262 205
263 18
264 5
265 57
266 18
267 183
268 106
269 110
270 20
271 10
272 161
273 9
274 54
275 73
276 9
277 51
278 280
279 7
280 2
281 4
282 185
283 215
284 13
285 49
286 160
287 27
288 3
289 6
290 4
291 75
292 1
293 6
294 24
295 11
296 0
297 1
298 246
299 1
300 27
301 21
302 67
303 376
304 14
305 3
306 0
307 8
308 20
309 6
310 6
311 644
312 0
313 124
314 16
315 54
316 28
317 21
318 13
319 4
320 4
321 48
322 1
323 245
324 155
325 69
326 49
327 1
328 35
329 847
330 6
331 17
332 369
333 171
334 694
335 125
336 97
337 22
338 446
339 491
340 0
341 7
342 3
343 1
344 18
345 204
346 3
347 34
348 1
349 5
350 15
351 2
352 127
353 15
354 7
355 127
356 339
357 36
358 68
359 0
360 1
361 5
362 792
363 10
364 90
365 2
366 11
367 26
368 37
369 36
370 2
371 4
372 850
373 3
374 191
375 394
376 165
377 11
378 1
379 12
380 69
381 645
382 692
383 118
384 181
385 435
386 71
387 6
388 1
389 6
390 4
391 439
392 1
393 715
394 3
395 219
396 81
397 195
398 83
399 4
400 176
401 137
402 10
403 157
404 75
405 1
406 4
407 1
408 5
409 1
410 6
411 133
412 3
413 94
414 1
415 2
416 1
417 4
418 40
419 197
420 152
421 270
422 107
423 684
424 280
425 184
426 0
427 6
428 0
429 1
430 188
431 427
432 1
433 1
434 1
435 30
436 114
437 13
438 26
439 4
440 2
441 10
442 5
443 795
444 0
445 1
446 101
447 1
448 16
449 104
450 1
451 45
452 2
453 9
454 13
455 13
456 2
457 2
458 63
459 12
460 0
461 221
462 32
463 12
464 60
465 8
466 35
467 13
468 12
469 594
470 187
471 2
472 463
473 1
474 3
475 1
476 15
477 1
478 1
479 3
480 212
481 11
482 10
483 406
484 16
485 8
486 4
487 73
488 133
489 3
490 37
491 1
492 120
493 0
494 7
495 0
496 5
497 1
498 179
499 96
500 719
501 543
502 97
503 756
504 63
505 16
506 3
507 2
508 4
509 466
510 237
511 233
512 137
513 6
514 143
515 69
516 58
517 1
518 235
519 316
520 140
521 775
522 48
523 38
524 111
525 1
526 0
527 5
528 139
529 2
530 1
531 1
532 20
533 6
534 1
535 207
536 5
537 338
538 347
539 334
540 226
541 86
542 303
543 0
544 125
545 1
546 41
547 96
548 136
549 97
550 201
551 95
552 34
553 233
554 28
555 100
556 56
557 6
558 779
559 1
560 428
561 369
562 27
563 0
564 34
565 3
566 3
567 836
568 113
569 2
570 127
571 503
572 88
573 452
574 197
575 211
576 2
577 32
578 298
579 12
580 5
581 11
582 872
583 234
584 233
585 21
586 66
587 13
588 90
589 16
590 132
591 144
592 87
593 1
594 88
595 180
596 36
597 378
598 224
599 133
600 183
601 97
602 57
603 113
604 126
605 72
606 49
607 89
608 12
609 2
610 1
611 0
612 838
613 0
614 1
615 129
616 2
617 16
618 1
619 155
620 62
621 111
622 52
623 195
624 285
625 126
626 111
627 57
628 27
629 222
630 222
631 183
632 1
633 5
634 172
635 148
636 29
637 6
638 11
639 57
640 24
641 2
642 125
643 9
644 100
645 11
646 0
647 20
648 501
649 397
650 165
651 1
652 178
653 1
654 76
655 69
656 51
657 6
658 13
659 485
660 74
661 437
662 23
663 9
664 5
665 1
666 185
667 26
668 3
669 2
670 180
671 102
672 19
673 263
674 196
675 3
676 11
677 52
678 28
679 263
680 44
681 9
682 4
683 8
684 433
685 2
686 158
687 139
688 1
689 3
690 0
691 3
692 7
693 0
694 0
695 2
696 797
697 18
698 46
699 23
700 3
701 1
702 5
703 109
704 9
705 1
706 35
707 1
708 1
709 12
710 1
711 450
712 1
713 0
714 272
715 2
716 0
717 1
718 160
719 11
720 38
721 2
722 1
723 2
724 1
725 1
726 491
727 1
728 1
729 81
730 6
731 0
732 19
733 5
734 2
735 2
736 1
737 3
738 16
739 4
740 324
741 0
742 12
743 3
744 2
745 120
746 21
747 10
748 480
749 0
750 0
751 158
752 12
753 7
754 1
755 6
756 3
757 14
758 3
759 25
760 2
761 12
762 850
763 4
764 3
765 1
766 1
767 231
768 2
769 11
770 5
771 15
772 8
773 4
774 3
775 2
776 0
777 273
778 405
779 0
780 1
781 8
782 0
783 58
784 4
785 7
786 7
787 31
788 1
789 152
790 11
791 0
792 62
793 36
794 1
795 87
796 7
797 321
798 3
799 17
800 1
801 3
802 0
803 24
804 193
805 4
806 0
807 23
808 37
809 116
810 26
811 4
812 134
813 48
814 5
815 2
816 488
817 9
818 11
819 6
820 1
821 2
822 106
823 337
824 12
825 0
826 1
827 25
828 2
829 1
830 1
831 242
832 200
833 2
834 168
835 23
836 181
837 0
838 10
839 2
840 131
841 3
842 3
843 234
844 2
845 33
846 115
847 0
848 365
849 15
850 125
851 5
852 6
853 1
854 19
855 49
856 100
857 0
858 1
859 50
860 107
861 2
862 0
863 5
864 1
865 2
866 0
867 5
868 22
869 0
870 0
871 4
872 332
873 102
874 2
875 5
876 83
877 8
878 1
879 1
880 1
881 1
882 3
883 1
884 0
885 97
886 6
887 1
888 23
889 9
890 18
891 23
892 4
893 0
894 3
895 7
896 12
897 3
898 20
899 11
900 1
901 18
902 2
903 1
904 1
905 0
906 1
907 50
908 1
909 1
910 76
911 1
912 6
913 3
914 3
915 1
916 45
917 5
918 25
919 2
920 1
921 12
922 3
923 239
924 1
925 5
926 4
927 1
928 230
929 7
930 15
931 2
932 9
933 3
934 41
935 4
936 1
937 99
938 17
939 3
940 178
941 2
942 1
943 7
944 14
945 3
946 22
947 6
948 68
949 3
950 29
951 1
952 5
953 16
954 13
955 12
956 5
957 3
958 35
959 15
960 1
961 3
962 3
963 196
964 13
965 13
966 1
967 9
968 1
969 2
970 20
971 9
972 0
973 0
974 14
975 0
976 9
977 1
978 4
979 1
980 78
981 20
982 5
983 1
984 6
985 0
986 11
987 8
988 2
989 74
990 11
991 4
992 43
993 5
994 3
995 0
996 8
997 16
998 28
999 11
1000 1
1001 0
1002 5
1003 1
1004 8
1005 5
1006 3
1007 4
1008 3
1009 64
1010 225
1011 1
1012 101
1013 9
1014 0
1015 2
1016 6
1017 4
1018 1
1019 242
1020 4
1021 2
1022 141
1023 1
1024 21
1025 5
1026 18
1027 4
1028 33
1029 24
1030 3
1031 0
1032 4
1033 0
1034 2
1035 207
1036 207
1037 4
1038 1
1039 277
1040 1
1041 9
1042 2
1043 3
1044 3
1045 16
1046 45
1047 1
1048 1
1049 2
1050 0
1051 0
1052 39
1053 0
1054 1
1055 6
1056 106
1057 18
1058 88
1059 47
1060 12
1061 18
1062 65
1063 27
1064 0
1065 1
1066 2
1067 7
1068 1
1069 115
1070 69
1071 8
1072 1
1073 2
1074 1
1075 1
1076 4
1077 26
1078 11
1079 12
1080 1
1081 5
1082 1
1083 20
1084 268
1085 19
1086 13
1087 1
1088 174
1089 7
1090 7
1091 1
1092 20
1093 355
1094 5
1095 171
1096 3
1097 0
1098 3
1099 2
1100 7
1101 44
1102 1
1103 33
1104 0
1105 442
1106 7
1107 33
1108 4
1109 1
1110 314
1111 1
1112 72
1113 68
1114 263
1115 5
1116 2
1117 0
1118 1
1119 0
1120 75
1121 37
1122 12
1123 5
1124 584
1125 10
1126 0
1127 13
1128 409
1129 4
1130 2
1131 19
1132 1
1133 63
1134 21
1135 1
1136 6
1137 445
1138 19
1139 116
1140 4
1141 102
1142 60
1143 62
1144 0
1145 0
1146 3
1147 8
1148 10
1149 4
1150 31
1151 31
1152 49
1153 47
1154 386
1155 11
1156 88
1157 126
1158 1
1159 112
1160 7
1161 31
1162 9
1163 24
1164 0
1165 492
1166 1
1167 0
1168 7
1169 1
1170 121
1171 8
1172 8
1173 1
1174 3
1175 258
1176 26
1177 153
1178 96
1179 10
1180 7
1181 9
1182 3
1183 1
1184 15
1185 1
1186 176
1187 1
1188 0
1189 18
1190 4
1191 2
1192 0
1193 0
1194 22
1195 1
1196 825
1197 0
1198 76
1199 0
1200 6
1201 0
1202 150
1203 43
1204 9
1205 769
1206 1
1207 3
1208 10
1209 4
1210 97
1211 110
1212 1
1213 66
1214 0
1215 1
1216 674
1217 12
1218 14
1219 3
1220 331
1221 118
1222 27
1223 13
1224 10
1225 1
1226 53
1227 304
1228 2
1229 14
1230 1
1231 0
1232 253
1233 14
1234 0
1235 285
1236 0
1237 6
1238 1
1239 31
1240 127
1241 2
1242 0
1243 0
1244 43
1245 11
1246 381
1247 106
1248 1
1249 1
1250 137
1251 1
1252 7
1253 46
1254 214
1255 204
1256 9
1257 5
1258 10
1259 366
1260 131
1261 2
1262 1
1263 92
1264 17
1265 17
1266 222
1267 2
1268 39
1269 54
1270 13
1271 5
1272 1
1273 1
1274 111
1275 112
1276 22
1277 15
1278 11
1279 489
1280 2
1281 1
1282 6
1283 1
1284 2
1285 40
1286 28
1287 138
1288 4
1289 1
1290 1
1291 1
1292 11
1293 0
1294 8
1295 2
1296 19
1297 1
1298 79
1299 0
1300 2
1301 0
1302 0
1303 0
1304 53
1305 7
1306 4
1307 7
1308 3
1309 41
1310 4
1311 1
1312 0
1313 447
1314 1
1315 95
1316 0
1317 0
1318 1
1319 78
1320 4
1321 1
1322 225
1323 18
1324 69
1325 16
1326 178
1327 0
1328 1
1329 1
1330 0
1331 76
1332 2
1333 0
1334 39
1335 7
1336 2
1337 78
1338 54
1339 10
1340 2
1341 3
1342 5
1343 1
1344 10
1345 10
1346 2
1347 3
1348 2
1349 6
1350 3
1351 9
1352 32
1353 23
1354 27
1355 12
1356 523
1357 26
1358 2
1359 237
1360 136
1361 7
1362 255
1363 13
1364 503
1365 13
1366 5
1367 414
1368 28
1369 3
1370 0
1371 11
1372 148
1373 23
1374 12
1375 7
1376 0
1377 4
1378 63
1379 5
1380 8
1381 448
1382 7
1383 1
1384 301
1385 2
1386 1
1387 10
1388 21
1389 9
1390 4
1391 2
1392 0
1393 37
1394 1
1395 6
1396 2
1397 3
1398 17
1399 249
1400 3
1401 21
1402 5
1403 1
1404 35
1405 2
1406 11
1407 2
1408 264
1409 142
1410 33
1411 22
1412 4
1413 1
1414 29
1415 9
1416 2
1417 5
1418 1
1419 1
1420 1
1421 39
1422 16
1423 6
1424 1
1425 0
1426 9
1427 1
1428 5
1429 21
1430 2
1431 3
1432 1
1433 6
1434 2
1435 4
1436 2
1437 1
1438 319
1439 15
1440 13
1441 1
1442 3
1443 1
1444 50
1445 0
1446 16
1447 16
1448 13
1449 13
1450 5
1451 30
1452 27
1453 230
1454 47
1455 66
1456 81
1457 40
1458 47
1459 3
1460 8
1461 25
1462 7
1463 0
1464 50
1465 1
1466 21
1467 17
1468 39
1469 38
1470 1
1471 455
1472 0
1473 37
1474 21
1475 160
1476 97
1477 96
1478 27
1479 157
1480 133
1481 89
1482 370
1483 192
1484 401
1485 60
1486 156
1487 12
1488 246
1489 28
1490 6
1491 57
1492 78
1493 0
1494 82
1495 15
1496 20
1497 188
1498 106
1499 17
1500 56
1501 39
1502 47
1503 8
1504 1
1505 77
1506 35
1507 2
1508 160
1509 313
1510 22
1511 33
1512 9
1513 340
1514 140
1515 11
1516 281
1517 98
1518 42
1519 7
1520 4
1521 158
1522 22
1523 15
1524 7
1525 4
1526 95
1527 112
1528 36
1529 55
1530 15
1531 40
1532 45
1533 24
1534 95
1535 5
1536 65
1537 65
1538 33
1539 1
1540 68
1541 110
1542 97
1543 12
1544 9
1545 4
1546 145
1547 38
1548 409
1549 360
1550 35
1551 10
1552 103
1553 269
1554 325
1555 13
1556 2
1557 20
1558 166
1559 45
1560 312
1561 76
1562 1
1563 1
1564 358
1565 2
1566 3
1567 213
1568 21
1569 52
1570 48
1571 2
1572 100
1573 21
1574 256
1575 114
1576 75
1577 7
1578 141
1579 4
1580 18
1581 48
1582 8
1583 14
1584 2
1585 2
1586 1
1587 13
1588 11
1589 33
1590 234
1591 140
1592 4
1593 1
1594 1
1595 26
1596 95
1597 2
1598 2
1599 14
1600 43
1601 96
1602 290
1603 215
1604 11
1605 2
1606 608
1607 108
1608 17
1609 396
1610 20
1611 247
1612 189
1613 71
1614 81
1615 4
1616 4
1617 22
1618 18
1619 9
1620 287
1621 423
1622 233
1623 252
1624 69
1625 25
1626 3
1627 158
1628 133
1629 3
1630 102
1631 1
1632 96
1633 34
1634 50
1635 24
1636 21
1637 38
1638 2
1639 338
1640 6
1641 20
1642 17
1643 227
1644 109
1645 15
1646 80
1647 377
1648 333
1649 159
1650 207
1651 46
1652 216
1653 105
1654 46
1655 62
1656 1
1657 20
1658 541
1659 451
1660 29
1661 175
1662 28
1663 101
1664 2
1665 35
1666 36
1667 37
1668 12
1669 257
1670 6
1671 158
1672 60
1673 1
1674 89
1675 0
1676 31
1677 31
1678 6
1679 14
1680 44
1681 278
1682 84
1683 284
1684 232
1685 38
1686 22
1687 20
1688 1
1689 2
1690 7
1691 7
1692 67
1693 16
1694 31
1695 30
1696 30
1697 1
1698 325
1699 188
1700 1
1701 3
1702 1
1703 156
1704 2
1705 806
1706 4
1707 4
1708 103
1709 32
1710 20
1711 40
1712 12
1713 1
1714 130
1715 139
1716 24
1717 291
1718 108
1719 10
1720 7
1721 101
1722 4
1723 6
1724 1
1725 5
1726 110
1727 87
1728 2
1729 1
1730 188
1731 3
1732 3
1733 1
1734 1
1735 1
1736 28
1737 21
1738 529
1739 143
1740 3
1741 650
1742 3
1743 0
1744 554
1745 92
1746 3
1747 1
1748 8
1749 1
1750 7
1751 8
1752 1
1753 1
1754 9
1755 195
1756 0
1757 4
1758 74
1759 71
1760 0
1761 70
1762 2
1763 349
1764 867
1765 9
1766 3
1767 28
1768 9
1769 453
1770 8
1771 8
1772 2
1773 21
1774 2
1775 4
1776 1
1777 21
1778 2
1779 1
1780 0
1781 5
1782 2
1783 1
1784 0
1785 0
1786 1
1787 216
1788 57
1789 2
1790 0
1791 4
1792 11
1793 49
1794 81
1795 10
1796 74
1797 1
1798 7
1799 7
1800 12
1801 2
1802 6
1803 3
1804 285
1805 504
1806 13
1807 1
1808 99
1809 28
1810 69
1811 52
1812 17
1813 9
1814 2
1815 4
1816 2
1817 49
1818 1
1819 23
1820 217
1821 0
1822 1
1823 15
1824 8
1825 33
1826 67
1827 1
1828 6
1829 25
1830 1
1831 1
1832 0
1833 10
1834 1
1835 1
1836 29
1837 3
1838 3
1839 14
1840 3
1841 60
1842 63
1843 62
1844 54
1845 1
1846 21
1847 103
1848 1
1849 252
1850 1
1851 51
1852 1
1853 1
1854 1
1855 3
1856 25
1857 188
1858 86
1859 1
1860 2
1861 59
1862 2
1863 0
1864 1
1865 14
1866 156
1867 114
1868 29
1869 606
1870 178
1871 14
1872 3
1873 22
1874 1
1875 4
1876 17
1877 51
1878 11
1879 73
1880 276
1881 84
1882 19
1883 6
1884 399
1885 1
1886 1
1887 68
1888 33
1889 6
1890 14
1891 20
1892 1
1893 10
1894 64
1895 14
1896 871
1897 69
1898 1
1899 49
1900 24
1901 385
1902 22
1903 57
1904 130
1905 4
1906 2
1907 6
1908 1
1909 7
1910 332
1911 18
1912 2
1913 199
1914 27
1915 1
1916 4
1917 258
1918 30
1919 33
1920 7
1921 1
1922 1
1923 42
1924 21
1925 0
1926 38
1927 13
1928 1
1929 2
1930 14
1931 11
1932 415
1933 7
1934 340
1935 2
1936 290
1937 211
1938 5
1939 0
1940 4
1941 9
1942 73
1943 1
1944 13
1945 45
1946 285
1947 63
1948 15
1949 2
1950 17
1951 19
1952 145
1953 78
1954 88
1955 211
1956 68
1957 5
1958 18
1959 1
1960 40
1961 2
1962 8
1963 195
1964 39
1965 144
1966 2
1967 4
1968 1
1969 13
1970 2
1971 9
1972 86
1973 178
1974 50
1975 56
1976 9
1977 0
1978 8
1979 147
1980 45
1981 1
1982 2
1983 1
1984 1
1985 137
1986 19
1987 11
1988 1
1989 2
1990 37
1991 39
1992 39
1993 3
1994 17
1995 88
1996 7
1997 8
1998 99
1999 2
2000 1
2001 2
2002 0
2003 81
2004 5
2005 85
2006 355
2007 303
2008 67
2009 315
2010 250
2011 42
2012 39
2013 20
2014 1
2015 138
2016 7
2017 2
2018 5
2019 2
2020 3
2021 31
2022 28
2023 233
2024 1
2025 5
2026 80
2027 64
2028 9
2029 3
2030 121
2031 69
2032 0
2033 7
2034 60
2035 153
2036 1
2037 85
2038 4
2039 0
2040 1
2041 1
2042 15
2043 4
2044 232
2045 5
2046 0
2047 0
2048 15
2049 69
2050 42
2051 23
2052 4
2053 306
2054 156
2055 79
2056 39
2057 0
2058 1
2059 41
2060 345
2061 169
2062 256
2063 6
2064 6
2065 10
2066 50
2067 15
2068 203
2069 8
2070 23
2071 162
2072 3
2073 57
2074 5
2075 41
2076 17
2077 1
2078 1
2079 11
2080 1
2081 6
2082 2
2083 3
2084 3
2085 3
2086 1
2087 5
2088 3
2089 1
2090 43
2091 1
2092 0
2093 5
2094 47
2095 4
2096 894
2097 45
2098 333
2099 4
2100 1
2101 449
2102 118
2103 439
2104 36
2105 52
2106 125
2107 40
2108 94
2109 4
2110 13
2111 11
2112 52
2113 2
2114 1
2115 7
2116 31
2117 30
2118 1
2119 0
2120 22
2121 13
2122 6
2123 5
2124 604
2125 310
2126 3
2127 129
2128 246
2129 2
2130 3
2131 3
2132 1
2133 19
2134 6
2135 2
2136 33
2137 30
2138 59
2139 11
2140 5
2141 3
2142 3
2143 3
2144 14
2145 7
2146 2
2147 3
2148 611
2149 53
2150 23
2151 53
2152 2
2153 126
2154 130
2155 6
2156 3
2157 5
2158 8
2159 10
2160 27
2161 12
2162 67
2163 20
2164 15
2165 7
2166 63
2167 363
2168 179
2169 5
2170 25
2171 2
2172 1
2173 52
2174 36
2175 2
2176 3
2177 1
2178 3
2179 1
2180 12
2181 5
2182 10
2183 18
2184 2
2185 539
2186 14
2187 9
2188 8
2189 5
2190 52
2191 17
2192 26
2193 13
2194 6
2195 22
2196 289
2197 3
2198 96
2199 10
2200 16
2201 31
2202 1
2203 11
2204 19
2205 50
2206 14
2207 189
2208 124
2209 7
2210 112
2211 13
2212 414
2213 4
2214 2
2215 1
2216 9
2217 32
2218 53
2219 5
2220 376
2221 1
2222 69
2223 25
2224 6
2225 1
2226 74
2227 27
2228 15
2229 8
2230 22
2231 19
2232 63
2233 5
2234 14
2235 327
2236 15
2237 2
2238 756
2239 30
2240 16
2241 66
2242 65
2243 283
2244 52
2245 33
2246 12
2247 8
2248 98
2249 43
2250 5
2251 28
2252 7
2253 4
2254 4
2255 35
2256 1
2257 0
2258 11
2259 48
2260 0
2261 1
2262 1
2263 7
2264 1
2265 1
2266 1
2267 3
2268 2
2269 42
2270 354
2271 1
2272 1
2273 1
2274 16
2275 53
2276 9
2277 4
2278 1
2279 2
2280 2
2281 0
2282 3
2283 4
2284 2
2285 3
2286 45
2287 4
2288 8
2289 15
2290 14
2291 10
2292 6
2293 4
2294 1
2295 1
2296 29
2297 309
2298 1
2299 1
2300 55
2301 3
2302 238
2303 5
2304 7
2305 238
2306 5
2307 3
2308 3
2309 10
2310 8
2311 81
2312 26
2313 25
2314 0
2315 18
2316 180
2317 0
2318 2
2319 1
2320 7
2321 1
2322 44
2323 2
2324 0
2325 21
2326 109
2327 2
2328 114
2329 1
2330 7
2331 10
2332 2
2333 10
2334 6
2335 132
2336 2
2337 237
2338 3
2339 28
2340 1
2341 16
2342 22
2343 7
2344 0
2345 277
2346 19
2347 842
2348 311
2349 32
2350 346
2351 20
2352 811
2353 4
2354 13
2355 7
2356 1
2357 53
2358 1
2359 2
2360 544
2361 8
2362 3
2363 1
2364 39
2365 200
2366 15
2367 24
2368 651
2369 146
2370 1
2371 7
2372 11
2373 4
2374 81
2375 10
2376 10
2377 7
2378 29
2379 4
2380 221
2381 3
2382 16
2383 239
2384 91
2385 26
2386 16
2387 103
2388 42
2389 2
2390 1
2391 425
2392 167
2393 61
2394 15
2395 1
2396 44
2397 47
2398 3
2399 14
2400 127
2401 7
2402 16
2403 334
2404 45
2405 164
2406 24
2407 13
2408 11
2409 467
2410 169
2411 116
2412 2
2413 16
2414 7
2415 1
2416 238
2417 125
2418 27
2419 64
2420 10
2421 2
2422 33
2423 60
2424 4
2425 59
2426 58
2427 2
2428 1
2429 122
2430 6
2431 1
2432 0
2433 33
2434 9
2435 3
2436 62
2437 40
2438 7
2439 2
2440 98
2441 22
2442 8
2443 2
2444 15
2445 28
2446 31
2447 5
2448 17
2449 1
2450 472
2451 4
2452 13
2453 4
2454 2
2455 9
2456 107
2457 32
2458 29
2459 29
2460 14
2461 6
2462 4
2463 22
2464 171
2465 79
2466 3
2467 240
2468 165
2469 33
2470 76
2471 139
2472 1
2473 16
2474 21
2475 182
2476 142
2477 3
2478 37
2479 28
2480 52
2481 11
2482 43
2483 0
2484 6
2485 808
2486 14
2487 7
2488 74
2489 14
2490 34
2491 8
2492 36
2493 190
2494 128
2495 84
2496 16
2497 150
2498 86
2499 80
2500 42
2501 84
2502 2
2503 5
2504 92
2505 1
2506 22
2507 134
2508 4
2509 11
2510 18
2511 82
2512 19
2513 11
2514 279
2515 77
2516 329
2517 46
2518 155
2519 14
2520 3
2521 1
2522 326
2523 98
2524 292
2525 91
2526 3
2527 8
2528 0
2529 23
2530 7
2531 1
2532 82
2533 121
2534 13
2535 9
2536 48
2537 48
2538 20
2539 1
2540 10
2541 5
2542 1
2543 2
2544 29
2545 1
2546 1
2547 201
2548 49
2549 121
2550 5
2551 8
2552 46
2553 27
2554 54
2555 108
2556 58
2557 808
2558 7
2559 1
2560 5
2561 230
2562 3
2563 98
2564 1
2565 4
2566 7
2567 0
2568 95
2569 94
2570 5
2571 60
2572 224
2573 136
2574 437
2575 123
2576 83
2577 13
2578 31
2579 24
2580 36
2581 18
2582 99
2583 504
2584 23
2585 14
2586 11
2587 11
2588 3
2589 1
2590 53
2591 43
2592 1
2593 655
2594 22
2595 331
2596 36
2597 744
2598 2
2599 103
2600 278
2601 7
2602 8
2603 22
2604 26
2605 3
2606 14
2607 475
2608 206
2609 22
2610 27
2611 78
2612 80
2613 27
2614 8
2615 535
2616 270
2617 415
2618 104
2619 94
2620 23
2621 4
2622 363
2623 224
2624 10
2625 94
2626 43
2627 71
2628 2
2629 2
2630 1
2631 132
2632 128
2633 70
2634 13
2635 137
2636 110
2637 171
2638 10
2639 70
2640 402
2641 13
2642 66
2643 61
2644 3
2645 15
2646 276
2647 130
2648 118
2649 48
2650 0
2651 38
2652 19
2653 1
2654 171
2655 32
2656 94
2657 5
2658 1
2659 35
2660 52
2661 23
2662 92
2663 24
2664 5
2665 1
2666 88
2667 38
2668 228
2669 142
2670 44
2671 6
2672 33
2673 2
2674 27
2675 9
2676 35
2677 66
2678 52
2679 4
2680 25
2681 301
2682 119
2683 1
2684 0
2685 313
2686 206
2687 53
2688 61
2689 264
2690 20
2691 20
2692 3
2693 19
2694 10
2695 2
2696 209
2697 86
2698 75
2699 68
2700 37
2701 3
2702 152
2703 10
2704 1
2705 2
2706 59
2707 263
2708 1
2709 13
2710 5
2711 66
2712 62
2713 651
2714 153
2715 210
2716 90
2717 148
2718 13
2719 3
2720 502
2721 220
2722 1
2723 324
2724 0
2725 73
2726 216
2727 133
2728 0
2729 13
2730 2
2731 1
2732 325
2733 1
2734 20
2735 8
2736 126
2737 5
2738 4
2739 6
2740 14
2741 164
2742 20
2743 105
2744 3
2745 3
2746 1
2747 22
2748 1
2749 452
2750 15
2751 98
2752 41
2753 8
2754 22
2755 7
2756 1
2757 0
2758 12
2759 41
2760 3
2761 1
2762 346
2763 83
2764 180
2765 133
2766 130
2767 3
2768 0
2769 23
2770 1
2771 1
2772 176
2773 1
2774 4
2775 1
2776 52
2777 11
2778 3
2779 51
2780 7
2781 1
2782 0
2783 92
2784 1
2785 298
2786 229
2787 23
2788 4
2789 2
2790 120
2791 38
2792 2
2793 11
2794 0
2795 1
2796 9
2797 39
2798 0
2799 348
2800 21
2801 1
2802 0
2803 15
2804 2
2805 42
2806 3
2807 1
2808 5
2809 2
2810 5
2811 12
2812 176
2813 2
2814 39
2815 1
2816 24
2817 38
2818 28
2819 4
2820 8
2821 60
2822 1
2823 577
2824 2
2825 177
2826 18
2827 7
2828 325
2829 185
2830 139
2831 162
2832 455
2833 1
2834 299
2835 340
2836 3
2837 3
2838 25
2839 4
2840 12
2841 122
2842 43
2843 2
2844 1
2845 1
2846 409
2847 24
2848 441
2849 1
2850 23
2851 26
2852 12
2853 0
2854 7
2855 1
2856 1
2857 377
2858 21
2859 254
2860 219
2861 186
2862 18
2863 7
2864 1
2865 5
2866 9
2867 5
2868 8
2869 25
2870 1
2871 3
2872 0
2873 4
2874 22
2875 17
2876 5
2877 2
2878 1
2879 9
2880 13
2881 1
2882 15
2883 0
2884 3
2885 2
2886 29
2887 3
2888 20
2889 24
2890 4
2891 1
2892 16
2893 5
2894 17
2895 55
2896 3
2897 12
2898 4
2899 1
2900 5
2901 2
2902 112
2903 9
2904 2
2905 13
2906 45
2907 3
2908 0
2909 12
2910 48
2911 3
2912 10
2913 541
2914 412
2915 55
2916 1
2917 4
2918 3
2919 54
2920 1
2921 1
2922 2
2923 1
2924 1
2925 806
2926 4
2927 30
2928 19
2929 333
2930 6
2931 2
2932 4
2933 155
2934 9
2935 94
2936 6
2937 1
2938 27
2939 1
2940 246
2941 7
2942 1
2943 34
2944 10
2945 2
2946 37
2947 8
2948 14
2949 11
2950 18
2951 7
2952 6
2953 0
2954 1
2955 614
2956 109
2957 259
2958 252
2959 181
2960 5
2961 92
2962 199
2963 4
2964 128
2965 27
2966 67
2967 4
2968 19
2969 146
2970 152
2971 1
2972 2
2973 12
2974 2
2975 478
2976 104
2977 10
2978 2
2979 2
2980 299
2981 39
2982 5
2983 55
2984 18
2985 5
2986 7
2987 3
2988 249
2989 19
2990 54
2991 20
2992 15
2993 2
2994 30
2995 2
2996 1
2997 23
2998 104
2999 1
3000 21
3001 206
3002 76
3003 71
3004 1
3005 19
3006 1
3007 12
3008 1
3009 6
3010 10
3011 4
3012 32
3013 16
3014 188
3015 0
3016 3
3017 54
3018 19
3019 7
3020 9
3021 2
3022 1
3023 3
3024 25
3025 122
3026 204
3027 8
3028 28
3029 1
3030 4
3031 12
3032 12
3033 30
3034 1
3035 44
3036 4
3037 0
3038 12
3039 465
3040 0
3041 1
3042 6
3043 393
3044 356
3045 235
3046 31
3047 251
3048 194
3049 194
3050 11
3051 5
3052 0
3053 360
3054 1
3055 237
3056 12
3057 137
3058 110
3059 1
3060 50
3061 157
3062 107
3063 1
3064 4
3065 0
3066 3
3067 1
3068 0
3069 2
3070 8
3071 1
3072 1
3073 1
3074 3
3075 19
3076 1
3077 22
3078 3
3079 2
3080 15
3081 3
3082 0
3083 4
3084 6
3085 2
3086 1
3087 30
3088 2
3089 1
3090 1
3091 267
3092 5
3093 49
3094 20
3095 0
3096 78
3097 7
3098 1
3099 16
3100 627
3101 613
3102 110
3103 57
3104 29
3105 13
3106 1
3107 1
3108 5
3109 4
3110 2
3111 1
3112 4
3113 2
3114 28
3115 89
3116 1
3117 33
3118 3
3119 328
3120 1
3121 15
3122 1
3123 0
3124 0
3125 2
3126 34
3127 12
3128 24
3129 0
3130 529
3131 486
3132 11
3133 2
3134 8
3135 1
3136 25
3137 34
3138 0
3139 10
3140 5
3141 4
3142 1
3143 23
3144 12
3145 9
3146 1
3147 3
3148 1
3149 1
3150 718
3151 33
3152 7
3153 7
3154 35
3155 13
3156 1
3157 5
3158 230
3159 2
3160 3
3161 1
3162 15
3163 438
3164 404
3165 65
3166 30
3167 10
3168 33
3169 10
3170 54
3171 16
3172 13
3173 34
3174 8
3175 4
3176 1
3177 15
3178 5
3179 0
3180 24
3181 2
3182 0
3183 2
3184 2
3185 1
3186 2
3187 490
3188 2
3189 2
3190 251
3191 38
3192 6
3193 4
3194 25
3195 4
3196 95
3197 4
3198 3
3199 7
3200 30
3201 1
3202 1
3203 150
3204 58
3205 18
3206 9
3207 115
3208 21
3209 1
3210 1
3211 3
3212 6
3213 30
3214 0
3215 34
3216 34
3217 1
3218 11
3219 0
3220 4
3221 3
3222 4
3223 2
3224 71
3225 1
3226 0
3227 520
3228 5
3229 2
3230 109
3231 56
3232 3
3233 23
3234 20
3235 1
3236 25
3237 0
3238 128
3239 11
3240 152
3241 24
3242 6
3243 9
3244 1
3245 11
3246 49
3247 110
3248 76
3249 0
3250 2
3251 226
3252 1
3253 171
3254 0
3255 0
3256 41
3257 1
3258 3
3259 5
3260 8
3261 2
3262 2
3263 1
3264 0
3265 9
3266 2
3267 1
3268 830
3269 111
3270 34
3271 7
3272 1
3273 58
3274 1
3275 57
3276 3
3277 96
3278 251
3279 1
3280 12
3281 25
3282 361
3283 1
3284 12
3285 702
3286 16
3287 1
3288 0
3289 102
3290 1
3291 5
3292 26
3293 0
3294 10
3295 40
3296 523
3297 1
3298 6
3299 1
3300 5
3301 128
3302 1
3303 1
3304 17
3305 18
3306 2
3307 3
3308 2
3309 2
3310 10
3311 7
3312 6
3313 270
3314 58
3315 3
3316 5
3317 9
3318 108
3319 7
3320 6
3321 14
3322 24
3323 17
3324 164
3325 8
3326 97
3327 23
3328 1
3329 106
3330 2
3331 22
3332 35
3333 2
3334 0
3335 32
3336 1
3337 6
3338 36
3339 17
3340 180
3341 5
3342 433
3343 21
3344 13
3345 105
3346 12
3347 6
3348 18
3349 0
3350 4
3351 130
3352 102
3353 1
3354 23
3355 839
3356 228
3357 0
3358 2
3359 1
3360 21
3361 2
3362 100
3363 95
3364 0
3365 13
3366 909
3367 567
3368 2
3369 913
3370 12
3371 58
3372 1
3373 10
3374 2
3375 1
3376 3
3377 1
3378 49
3379 4
3380 3
3381 5
3382 6
3383 33
3384 44
3385 7
3386 1
3387 37
3388 14
3389 5
3390 28
3391 1
3392 3
3393 2
3394 29
3395 1
3396 2
3397 132
3398 2
3399 23
3400 13
3401 53
3402 334
3403 20
3404 0
3405 821
3406 1
3407 2
3408 825
3409 537
3410 456
3411 98
3412 201
3413 77
3414 77
3415 11
3416 29
3417 17
3418 1
3419 533
3420 1
3421 8
3422 9
3423 847
3424 4
3425 0
3426 11
3427 18
3428 37
3429 805
3430 0
3431 112
3432 80
3433 9
3434 3
3435 140
3436 70
3437 17
3438 0
3439 1
3440 1
3441 4
3442 25
3443 173
3444 1
3445 29
3446 1
3447 8
3448 223
3449 44
3450 259
3451 6
3452 32
3453 30
3454 11
3455 89
3456 107
3457 4
3458 15
3459 2
3460 1
3461 1
3462 1
3463 1
3464 455
3465 112
3466 219
3467 3
3468 15
3469 4
3470 46
3471 162
3472 1
3473 0
3474 1
3475 2
3476 1
3477 89
3478 45
3479 2
3480 24
3481 0
3482 9
3483 5
3484 55
3485 4
3486 16
3487 8
3488 0
3489 8
3490 2
3491 12
3492 6
3493 102
3494 39
3495 6
3496 2
3497 2
3498 9
3499 218
3500 25
3501 464
3502 11
3503 86
3504 250
3505 1
3506 17
3507 1
3508 47
3509 5
3510 731
3511 674
3512 24
3513 96
3514 81
3515 7
3516 189
3517 3
3518 17
3519 1
3520 1
3521 0
3522 100
3523 1
3524 3
3525 2
3526 11
3527 1
3528 2
3529 0
3530 1
3531 1
3532 26
3533 61
3534 523
3535 1
3536 3
3537 4
3538 13
3539 4
3540 2
3541 7
3542 1
3543 1
3544 14
3545 1
3546 1
3547 88
3548 6
3549 74
3550 1
3551 66
3552 858
3553 3
3554 19
3555 58
3556 23
3557 108
3558 55
3559 52
3560 63
3561 1
3562 18
3563 3
3564 3
3565 849
3566 832
3567 114
3568 631
3569 239
3570 16
3571 2
3572 69
3573 10
3574 21
3575 21
3576 37
3577 21
3578 42
3579 1
3580 203
3581 146
3582 5
3583 8
3584 19
3585 78
3586 23
3587 48
3588 26
3589 3
3590 6
3591 88
3592 2
3593 2
3594 1
3595 64
3596 146
3597 92
3598 87
3599 33
3600 146
3601 323
3602 140
3603 239
3604 34
3605 181
3606 47
3607 2
3608 1
3609 6
3610 3
3611 108
3612 72
3613 4
3614 2
3615 239
3616 86
3617 20
3618 42
3619 620
3620 4
3621 123
3622 845
3623 9
3624 114
3625 9
3626 13
3627 32
3628 237
3629 1
3630 298
3631 384
3632 101
3633 108
3634 84
3635 3
3636 83
3637 56
3638 45
3639 14
3640 5
3641 0
3642 21
3643 3
3644 77
3645 5
3646 3
3647 139
3648 1
3649 51
3650 222
3651 8
3652 273
3653 167
3654 34
3655 13
3656 2
3657 87
3658 7
3659 1
3660 59
3661 1
3662 192
3663 1
3664 78
3665 51
3666 71
3667 2
3668 40
3669 5
3670 1
3671 15
3672 19
3673 0
3674 3
3675 6
3676 2
3677 97
3678 11
3679 0
3680 3
3681 61
3682 1
3683 9
3684 1
3685 62
3686 100
3687 18
3688 3
3689 354
3690 6
3691 245
3692 39
3693 12
3694 25
3695 3
3696 43
3697 14
3698 91
3699 34
3700 5
3701 10
3702 255
3703 213
3704 154
3705 170
3706 23
3707 9
3708 110
3709 92
3710 33
3711 13
3712 12
3713 64
3714 93
3715 3
3716 3
3717 2
3718 16
3719 12
3720 145
3721 5
3722 3
3723 5
3724 79
3725 62
3726 11
3727 52
3728 49
3729 1
3730 174
3731 59
3732 115
3733 7
3734 35
3735 61
3736 21
3737 155
3738 285
3739 3
3740 234
3741 2
3742 171
3743 23
3744 217
3745 147
3746 126
3747 0
3748 1
3749 106
3750 1
3751 11
3752 50
3753 49
3754 16
3755 16
3756 4
3757 59
3758 6
3759 5
3760 39
3761 13
3762 2
3763 232
3764 23
3765 5
3766 7
3767 248
3768 195
3769 672
3770 15
3771 11
3772 33
3773 4
3774 2
3775 316
3776 61
3777 39
3778 292
3779 110
3780 67
3781 5
3782 7
3783 1
3784 1
3785 144
3786 30
3787 120
3788 120
3789 11
3790 6
3791 3
3792 2
3793 1
3794 228
3795 184
3796 17
3797 26
3798 25
3799 2
3800 8
3801 5
3802 71
3803 20
3804 2
3805 24
3806 27
3807 129
3808 106
3809 40
3810 2
3811 1
3812 2
3813 5
3814 73
3815 7
3816 32
3817 1
3818 24
3819 17
3820 1
3821 385
3822 68
3823 262
3824 17
3825 62
3826 13
3827 0
3828 7
3829 46
3830 317
3831 274
3832 80
3833 2
3834 26
3835 68
3836 0
3837 4
3838 0
3839 71
3840 783
3841 772
3842 1
3843 60
3844 10
3845 10
3846 30
3847 572
3848 1
3849 844
3850 3
3851 88
3852 520
3853 4
3854 28
3855 6
3856 113
3857 90
3858 14
3859 1
3860 44
3861 3
3862 2
3863 1
3864 9
3865 33
3866 99
3867 18
3868 1
3869 9
3870 0
3871 1
3872 1
3873 3
3874 7
3875 7
3876 3
3877 2
3878 27
3879 2
3880 0
3881 1
3882 261
3883 13
3884 151
3885 0
3886 29
3887 2
3888 12
3889 22
3890 140
3891 861
3892 739
3893 290
3894 1
3895 1
3896 3
3897 11
3898 106
3899 3
3900 32
3901 1
3902 899
3903 85
3904 24
3905 3
3906 98
3907 900
3908 904
3909 119
3910 5
3911 52
3912 43
3913 4
3914 5
3915 5
3916 62
3917 18
3918 236
3919 12
3920 2
3921 12
3922 1
3923 6
3924 2
3925 8
3926 1
3927 209
3928 11
3929 42
3930 23
3931 1
3932 2
3933 8
3934 6
3935 32
3936 18
3937 3
3938 106
3939 7
3940 37
3941 18
3942 141
3943 601
3944 29
3945 1
3946 3
3947 20
3948 3
3949 6
3950 0
3951 9
3952 1
3953 3
3954 14
3955 1
3956 354
3957 189
3958 217
3959 553
3960 17
3961 0
3962 176
3963 33
3964 1
3965 7
3966 198
3967 21
3968 3
3969 4
3970 58
3971 11
3972 3
3973 0
3974 5
3975 6
3976 292
3977 10
3978 12
3979 10
3980 2
3981 1
3982 136
3983 134
3984 2
3985 131
3986 3
3987 3
3988 248
3989 19
3990 102
3991 9
3992 10
3993 0
3994 318
3995 2
3996 857
3997 3
3998 2
3999 321
4000 34
4001 1
4002 82
4003 172
4004 12
4005 9
4006 50
4007 1
4008 9
4009 428
4010 12
4011 8
4012 3
4013 0
4014 48
4015 306
4016 13
4017 1
4018 2
4019 8
4020 321
4021 42
4022 14
4023 165
4024 2
4025 48
4026 10
4027 90
4028 3
4029 2
4030 814
4031 2
4032 13
4033 5
4034 152
4035 6
4036 587
4037 0
4038 174
4039 102
4040 4
4041 3
4042 2
4043 232
4044 734
4045 16
4046 556
4047 1
4048 164
4049 66
4050 1
4051 94
4052 121
4053 14
4054 165
4055 85
4056 0
4057 53
4058 146
4059 22
4060 4
4061 1
4062 549
4063 5
4064 38
4065 10
4066 5
4067 475
4068 23
4069 225
4070 0
4071 436
4072 167
4073 15
4074 1
4075 11
4076 137
4077 9
4078 2
4079 270
4080 45
4081 116
4082 3
4083 6
4084 60
4085 127
4086 426
4087 664
4088 331
4089 2
4090 1
4091 10
4092 2
4093 1
4094 22
4095 27
4096 352
4097 7
4098 2
4099 32
4100 49
4101 1
4102 400
4103 23
4104 121
4105 76
4106 3
4107 5
4108 35
4109 1
4110 314
4111 125
4112 230
4113 1
4114 3
4115 443
4116 2
4117 4
4118 4
4119 100
4120 4
4121 136
4122 79
4123 26
4124 1
4125 280
4126 4
4127 1
4128 71
4129 13
4130 6
4131 8
4132 3
4133 75
4134 256
4135 21
4136 155
4137 15
4138 74
4139 42
4140 1
4141 49
4142 3
4143 1
4144 219
4145 115
4146 71
4147 108
4148 1
4149 1
4150 9
4151 3
4152 3
4153 222
4154 3
4155 1
4156 79
4157 72
4158 1
4159 559
4160 0
4161 74
4162 2
4163 2
4164 206
4165 3
4166 8
4167 24
4168 1
4169 1
4170 26
4171 285
4172 24
4173 150
4174 115
4175 121
4176 0
4177 37
4178 23
4179 0
4180 8
4181 21
4182 0
4183 4
4184 742
4185 100
4186 24
4187 15
4188 11
4189 4
4190 33
4191 19
4192 13
4193 2
4194 1
4195 4
4196 1
4197 1
4198 19
4199 3
4200 63
4201 1
4202 865
4203 2
4204 6
4205 8
4206 3
4207 4
4208 4
4209 2
4210 31
4211 1
4212 42
4213 2
4214 1
4215 1
4216 2
4217 11
4218 4
4219 5
4220 95
4221 1
4222 648
4223 69
4224 18
4225 5
4226 441
4227 59
4228 26
4229 167
4230 0
4231 98
4232 406
4233 44
4234 1
4235 2
4236 271
4237 58
4238 1
4239 7
4240 380
4241 148
4242 4
4243 1
4244 795
4245 216
4246 115
4247 89
4248 55
4249 168
4250 7
4251 4
4252 3
4253 3
4254 1
4255 105
4256 2
4257 11
4258 20
4259 14
4260 3
4261 396
4262 2
4263 2
4264 27
4265 54
4266 14
4267 30
4268 1
4269 232
4270 3
4271 12
4272 1
4273 2
4274 132
4275 36
4276 5
4277 12
4278 2
4279 274
4280 24
4281 2
4282 91
4283 15
4284 0
4285 1
4286 12
4287 72
4288 51
4289 34
4290 8
4291 17
4292 14
4293 21
4294 5
4295 6
4296 1
4297 0
4298 6
4299 6
4300 71
4301 43
4302 60
4303 4
4304 17
4305 34
4306 1
4307 460
4308 335
4309 319
4310 1
4311 34
4312 3
4313 13
4314 10
4315 583
4316 1
4317 1
4318 1
4319 99
4320 81
4321 75
4322 7
4323 0
4324 3
4325 8
4326 829
4327 2
4328 12
4329 5
4330 436
4331 205
4332 34
4333 16
4334 161
4335 43
4336 89
4337 129
4338 6
4339 14
4340 1
4341 1
4342 37
4343 30
4344 92
4345 2
4346 255
4347 24
4348 1
4349 200
4350 173
4351 1
4352 32
4353 26
4354 1
4355 10
4356 215
4357 121
4358 2
4359 0
4360 4
4361 1
4362 350
4363 17
4364 53
4365 8
4366 3
4367 2
4368 306
4369 44
4370 492
4371 34
4372 0
4373 7
4374 10
4375 310
4376 232
4377 10
4378 334
4379 3
4380 1
4381 86
4382 23
4383 13
4384 3
4385 1
4386 113
4387 105
4388 18
4389 21
4390 12
4391 4
4392 25
4393 0
4394 1
4395 9
4396 5
4397 1
4398 4
4399 141
4400 7
4401 14
4402 3
4403 5
4404 44
4405 8
4406 2
4407 193
4408 2
4409 5
4410 1
4411 113
4412 3
4413 735
4414 0
4415 254
4416 24
4417 5
4418 523
4419 0
4420 58
4421 24
4422 88
4423 4
4424 15
4425 79
4426 417
4427 193
4428 150
4429 98
4430 23
4431 12
4432 72
4433 1
4434 1
4435 0
4436 6
4437 122
4438 1
4439 1
4440 61
4441 49
4442 3
4443 7
4444 22
4445 28
4446 2
4447 20
4448 19
4449 3
4450 1
4451 52
4452 30
4453 727
4454 115
4455 0
4456 147
4457 559
4458 0
4459 74
4460 27
4461 0
4462 1
4463 5
4464 13
4465 6
4466 40
4467 31
4468 6
4469 0
4470 40
4471 11
4472 167
4473 38
4474 5
4475 48
4476 4
4477 1
4478 44
4479 3
4480 79
4481 3
4482 0
4483 2
4484 1
4485 0
4486 3
4487 1
4488 76
4489 72
4490 4
4491 6
4492 148
4493 49
4494 0
4495 2
4496 2
4497 2
4498 336
4499 34
4500 3
4501 313
4502 26
4503 61
4504 1
4505 3
4506 3
4507 185
4508 109
4509 1
4510 22
4511 26
4512 0
4513 6
4514 1
4515 28
4516 4
4517 1
4518 186
4519 39
4520 7
4521 74
4522 0
4523 0
4524 137
4525 23
4526 8
4527 173
4528 142
4529 60
4530 6
4531 2
4532 4
4533 4
4534 442
4535 10
4536 2
4537 0
4538 11
4539 264
4540 39
4541 3
4542 2
4543 5
4544 292
4545 91
4546 6
4547 788
4548 8
4549 2
4550 25
4551 2
4552 32
4553 1
4554 33
4555 27
4556 2
4557 134
4558 1
4559 87
4560 49
4561 56
4562 111
4563 2
4564 179
4565 2
4566 22
4567 1
4568 4
4569 1
4570 3
4571 4
4572 1
4573 0
4574 0
4575 407
4576 95
4577 0
4578 1
4579 0
4580 1
4581 62
4582 142
4583 5
4584 3
4585 0
4586 3
4587 19
4588 1
4589 2
4590 576
4591 1
4592 4
4593 11
4594 1
4595 56
4596 8
4597 4
4598 13
4599 2
4600 7
4601 6
4602 467
4603 25
4604 55
4605 2
4606 2
4607 3
4608 112
4609 1
4610 2
4611 4
4612 574
4613 267
4614 1
4615 2
4616 103
4617 146
4618 14
4619 367
4620 19
4621 4
4622 10
4623 1
4624 9
4625 24
4626 115
4627 22
4628 7
4629 8
4630 14
4631 26
4632 111
4633 351
4634 56
4635 41
4636 338
4637 68
4638 69
4639 25
4640 21
4641 24
4642 4
4643 1
4644 52
4645 20
4646 13
4647 4
4648 310
4649 3
4650 23
4651 614
4652 7
4653 1
4654 110
4655 253
4656 24
4657 1
4658 24
4659 292
4660 65
4661 149
4662 33
4663 87
4664 61
4665 0
4666 300
4667 12
4668 1
4669 98
4670 2
4671 88
4672 8
4673 2
4674 6
4675 215
4676 4
4677 16
4678 845
4679 1
4680 21
4681 36
4682 4
4683 54
4684 43
4685 24
4686 276
4687 119
4688 119
4689 2
4690 3
4691 15
4692 45
4693 415
4694 162
4695 115
4696 56
4697 50
4698 0
4699 27
4700 9
4701 3
4702 11
4703 3
4704 822
4705 461
4706 0
4707 252
4708 480
4709 38
4710 8
4711 3
4712 11
4713 372
4714 24
4715 7
4716 304
4717 47
4718 3
4719 9
4720 95
4721 0
4722 1
4723 0
4724 5
4725 321
4726 181
4727 94
4728 3
4729 163
4730 23
4731 75
4732 1
4733 0
4734 207
4735 335
4736 3
4737 2
4738 10
4739 39
4740 251
4741 158
4742 99
4743 190
4744 190
4745 11
4746 9
4747 50
4748 32
4749 254
4750 7
4751 2
4752 75
4753 12
4754 2
4755 1
4756 1
4757 2
4758 795
4759 723
4760 133
4761 90
4762 6
4763 13
4764 141
4765 21
4766 604
4767 513
4768 248
4769 6
4770 7
4771 3
4772 66
4773 121
4774 386
4775 56
4776 0
4777 137
4778 549
4779 2
4780 527
4781 0
4782 18
4783 118
4784 2
4785 24
4786 3
4787 22
4788 13
4789 47
4790 855
4791 544
4792 815
4793 0
4794 9
4795 27
4796 1
4797 5
4798 30
4799 2
4800 1
4801 38
4802 54
4803 313
4804 59
4805 10
4806 262
4807 112
4808 63
4809 181
4810 28
4811 254
4812 8
4813 14
4814 177
4815 112
4816 100
4817 35
4818 14
4819 24
4820 299
4821 4
4822 1
4823 1
4824 3
4825 121
4826 855
4827 162
4828 11
4829 2
4830 18
4831 3
4832 30
4833 3
4834 803
4835 177
4836 138
4837 11
4838 6
4839 105
4840 4
4841 26
4842 21
4843 1
4844 25
4845 1
4846 5
4847 325
4848 310
4849 68
4850 12
4851 4
4852 780
4853 524
4854 420
4855 490
4856 827
4857 399
4858 0
4859 15
4860 684
4861 4
4862 1
4863 1
4864 62
4865 0
4866 9
4867 6
4868 2
4869 2
4870 1
4871 0
4872 2
4873 3
4874 20
4875 15
4876 6
4877 6
4878 3
4879 22
4880 0
4881 88
4882 124
4883 3
4884 1
4885 1
4886 52
4887 52
4888 0
4889 2
4890 9
4891 41
4892 698
4893 55
4894 8
4895 4
4896 17
4897 6
4898 0
4899 1
4900 5
4901 8
4902 2
4903 1
4904 13
4905 50
4906 1
4907 1
4908 8
4909 2
4910 1
4911 7
4912 2
4913 2
4914 217
4915 16
4916 11
4917 4
4918 24
4919 5
4920 4
4921 119
4922 2
4923 1
4924 5
4925 3
4926 25
4927 17
4928 45
4929 39
4930 787
4931 488
4932 166
4933 63
4934 35
4935 9
4936 91
4937 60
4938 29
4939 13
4940 174
4941 53
4942 22
4943 16
4944 0
4945 4
4946 46
4947 3
4948 897
4949 2
4950 19
4951 0
4952 1
4953 8
4954 4
4955 3
4956 2
4957 367
4958 4
4959 1
4960 2
4961 17
4962 1
4963 4
4964 49
4965 156
4966 27
4967 7
4968 5
4969 1
4970 200
4971 1
4972 37
4973 27
4974 25
4975 2
4976 4
4977 21
4978 2
4979 12
4980 267
4981 3
4982 1
4983 1
4984 47
4985 10
4986 1
4987 118
4988 22
4989 1
4990 4
4991 1
4992 2
4993 739
4994 94
4995 45
4996 14
4997 65
4998 46
4999 4
5000 369
5001 238
5002 8
5003 90
5004 36
5005 15
5006 275
5007 16
5008 842
5009 66
5010 26
5011 5
5012 165
5013 21
5014 0
5015 17
5016 1
5017 1
5018 135
5019 0
5020 1
5021 2
5022 371
5023 56
5024 69
5025 69
5026 2
5027 2
5028 19
5029 2
5030 1
5031 5
5032 7
5033 13
5034 26
5035 25
5036 4
5037 2
5038 1
5039 275
5040 37
5041 1
5042 239
5043 0
5044 64
5045 21
5046 117
5047 2
5048 6
5049 1
5050 110
5051 8
5052 3
5053 5
5054 1
5055 16
5056 1
5057 719
5058 271
5059 143
5060 1
5061 1
5062 252
5063 3
5064 2
5065 1
5066 3
5067 89
5068 193
5069 2
5070 813
5071 34
5072 28
5073 59
5074 20
5075 32
5076 31
5077 14
5078 22
5079 9
5080 226
5081 128
5082 0
5083 75
5084 11
5085 1
5086 401
5087 6
5088 101
5089 119
5090 155
5091 4
5092 20
5093 609
5094 173
5095 170
5096 8
5097 62
5098 46
5099 65
5100 127
5101 174
5102 2
5103 2
5104 2
5105 702
5106 1
5107 11
5108 659
5109 654
5110 32
5111 23
5112 0
5113 34
5114 1
5115 33
5116 26
5117 4
5118 12
5119 0
5120 74
5121 2
5122 49
5123 25
5124 2
5125 0
5126 5
5127 83
5128 81
5129 76
5130 20
5131 6
5132 3
5133 0
5134 37
5135 5
5136 4
5137 39
5138 223
5139 127
5140 0
5141 4
5142 13
5143 8
5144 26
5145 12
5146 1
5147 0
5148 8
5149 464
5150 4
5151 71
5152 254
5153 1
5154 5
5155 1
5156 24
5157 62
5158 384
5159 6
5160 0
5161 32
5162 0
5163 572
5164 19
5165 548
5166 230
5167 74
5168 258
5169 35
5170 2
5171 6
5172 2
5173 50
5174 56
5175 1
5176 10
5177 115
5178 1
5179 6
5180 0
5181 1
5182 134
5183 7
5184 7
5185 0
5186 9
5187 343
5188 170
5189 7
5190 130
5191 4
5192 95
5193 70
5194 21
5195 21
5196 2
5197 16
5198 1
5199 23
5200 8
5201 41
5202 2
5203 1
5204 1
5205 11
5206 6
5207 3
5208 1
5209 38
5210 1
5211 1
5212 1
5213 19
5214 2
5215 4
5216 0
5217 2
5218 0
5219 537
5220 1
5221 3
5222 23
5223 6
5224 7
5225 393
5226 4
5227 161
5228 117
5229 106
5230 94
5231 5
5232 18
5233 1
5234 2
5235 17
5236 31
5237 2
5238 1
5239 9
5240 1
5241 800
5242 44
5243 23
5244 55
5245 2
5246 0
5247 54
5248 1
5249 17
5250 1
5251 29
5252 1
5253 0
5254 1
5255 852
5256 3
5257 1
5258 34
5259 6
5260 215
5261 0
5262 14
5263 597
5264 524
5265 443
5266 100
5267 249
5268 178
5269 4
5270 113
5271 234
5272 76
5273 336
5274 11
5275 20
5276 5
5277 5
5278 34
5279 245
5280 1
5281 1
5282 68
5283 65
5284 13
5285 1
5286 91
5287 9
5288 16
5289 4
5290 372
5291 24
5292 4
5293 63
5294 31
5295 182
5296 19
5297 65
5298 206
5299 91
5300 3
5301 1
5302 2
5303 1
5304 10
5305 60
5306 20
5307 73
5308 68
5309 26
5310 9
5311 4
5312 53
5313 10
5314 0
5315 18
5316 12
5317 9
5318 1
5319 186
5320 30
5321 3
5322 3
5323 2
5324 62
5325 62
5326 11
5327 121
5328 25
5329 3
5330 39
5331 163
5332 143
5333 6
5334 1
5335 1
5336 1
5337 16
5338 16
5339 192
5340 897
5341 132
5342 62
5343 3
5344 9
5345 136
5346 17
5347 419
5348 0
5349 35
5350 26
5351 4
5352 41
5353 3
5354 145
5355 156
5356 38
5357 1
5358 208
5359 66
5360 89
5361 2
5362 8
5363 1
5364 108
5365 92
5366 118
5367 1
5368 104
5369 370
5370 67
5371 7
5372 209
5373 21
5374 2
5375 271
5376 30
5377 5
5378 212
5379 14
5380 81
5381 9
5382 838
5383 36
5384 18
5385 73
5386 54
5387 344
5388 484
5389 316
5390 27
5391 0
5392 29
5393 2
5394 488
5395 7
5396 120
5397 85
5398 8
5399 3
5400 117
5401 99
5402 75
5403 24
5404 2
5405 27
5406 64
5407 14
5408 7
5409 1
5410 50
5411 1
5412 120
5413 17
5414 136
5415 84
5416 8
5417 29
5418 25
5419 104
5420 17
5421 125
5422 82
5423 79
5424 90
5425 1
5426 3
5427 4
5428 160
5429 4
5430 3
5431 421
5432 127
5433 255
5434 25
5435 62
5436 44
5437 118
5438 96
5439 21
5440 352
5441 24
5442 7
5443 378
5444 320
5445 233
5446 51
5447 17
5448 0
5449 236
5450 163
5451 17
5452 2
5453 1
5454 18
5455 2
5456 17
5457 8
5458 9
5459 789
5460 17
5461 5
5462 524
5463 436
5464 20
5465 236
5466 446
5467 94
5468 10
5469 59
5470 1
5471 2
5472 6
5473 0
5474 2
5475 8
5476 434
5477 42
5478 16
5479 11
5480 110
5481 10
5482 1
5483 8
5484 1
5485 6
5486 12
5487 2
5488 1
5489 182
5490 131
5491 1
5492 128
5493 69
5494 1
5495 164
5496 452
5497 1
5498 5
5499 219
5500 54
5501 33
5502 74
5503 16
5504 1
5505 2
5506 509
5507 1
5508 1
5509 4
5510 57
5511 53
5512 82
5513 89
5514 100
5515 4
5516 118
5517 44
5518 63
5519 15
5520 68
5521 0
5522 36
5523 18
5524 10
5525 4
5526 578
5527 499
5528 7
5529 5
5530 34
5531 3
5532 1
5533 12
5534 2
5535 12
5536 2
5537 3
5538 2
5539 361
5540 151
5541 1
5542 5
5543 35
5544 97
5545 11
5546 0
5547 42
5548 13
5549 92
5550 3
5551 1
5552 39
5553 5
5554 1
5555 8
5556 15
5557 1
5558 2
5559 0
5560 72
5561 62
5562 151
5563 110
5564 51
5565 65
5566 4
5567 4
5568 42
5569 0
5570 255
5571 1
5572 339
5573 226
5574 185
5575 6
5576 7
5577 95
5578 5
5579 14
5580 191
5581 40
5582 79
5583 26
5584 17
5585 12
5586 7
5587 2
5588 1
5589 36
5590 10
5591 3
5592 3
5593 81
5594 93
5595 769
5596 2
5597 599
5598 274
5599 162
5600 705
5601 695
5602 103
5603 1
5604 1
5605 74
5606 3
5607 397
5608 3
5609 1
5610 845
5611 245
5612 26
5613 15
5614 637
5615 11
5616 34
5617 199
5618 2
5619 449
5620 35
5621 1
5622 261
5623 1
5624 23
5625 23
5626 24
5627 40
5628 31
5629 28
5630 2
5631 8
5632 120
5633 25
5634 622
5635 241
5636 0
5637 11
5638 1
5639 1
5640 3
5641 0
5642 1
5643 4
5644 1
5645 82
5646 78
5647 22
5648 4
5649 150
5650 322
5651 5
5652 118
5653 61
5654 18
5655 7
5656 1
5657 1
5658 1
5659 2
5660 4
5661 17
5662 13
5663 22
5664 2
5665 51
5666 151
5667 7
5668 144
5669 97
5670 121
5671 2
5672 1
5673 51
5674 12
5675 710
5676 146
5677 11
5678 1
5679 327
5680 232
5681 54
5682 4
5683 246
5684 3
5685 20
5686 821
5687 15
5688 5
5689 1
5690 2
5691 66
5692 142
5693 63
5694 6
5695 198
5696 2
5697 14
5698 12
5699 2
5700 1
5701 622
5702 448
5703 2
5704 2
5705 7
5706 186
5707 22
5708 1
5709 1
5710 54
5711 38
5712 3
5713 1
5714 2
5715 18
5716 5
5717 43
5718 189
5719 3
5720 587
5721 375
5722 47
5723 47
5724 3
5725 97
5726 57
5727 316
5728 161
5729 2
5730 45
5731 217
5732 27
5733 111
5734 132
5735 67
5736 61
5737 31
5738 26
5739 9
5740 2
5741 0
5742 113
5743 24
5744 1
5745 6
5746 157
5747 11
5748 236
5749 144
5750 201
5751 67
5752 68
5753 13
5754 1
5755 34
5756 2
5757 215
5758 4
5759 436
5760 15
5761 58
5762 1
5763 6
5764 191
5765 26
5766 24
5767 47
5768 19
5769 31
5770 1
5771 30
5772 17
5773 427
5774 411
5775 161
5776 117
5777 59
5778 10
5779 1
5780 1
5781 39
5782 29
5783 10
5784 28
5785 109
5786 3
5787 2
5788 25
5789 2
5790 74
5791 118
5792 1
5793 258
5794 21
5795 20
5796 590
5797 19
5798 0
5799 37
5800 1
5801 1
5802 7
5803 22
5804 21
5805 76
5806 146
5807 68
5808 35
5809 13
5810 57
5811 11
5812 5
5813 1
5814 9
5815 111
5816 855
5817 23
5818 8
5819 768
5820 9
5821 294
5822 117
5823 128
5824 3
5825 7
5826 1
5827 353
5828 4
5829 246
5830 4
5831 0
5832 30
5833 33
5834 228
5835 537
5836 448
5837 228
5838 18
5839 36
5840 54
5841 4
5842 1
5843 896
5844 52
5845 141
5846 0
5847 5
5848 7
5849 3
5850 34
5851 218
5852 61
5853 26
5854 1
5855 86
5856 15
5857 1
5858 82
5859 117
5860 107
5861 4
5862 78
5863 510
5864 223
5865 801
5866 789
5867 144
5868 124
5869 141
5870 591
5871 0
5872 16
5873 4
5874 105
5875 108
5876 57
5877 182
5878 101
5879 7
5880 395
5881 97
5882 7
5883 6
5884 2
5885 114
5886 4
5887 7
5888 59
5889 4
5890 6
5891 85
5892 66
5893 55
5894 1
5895 17
5896 0
5897 6
5898 2
5899 22
5900 71
5901 4
5902 1
5903 68
5904 258
5905 3
5906 158
5907 3
5908 3
5909 195
5910 1
5911 120
5912 76
5913 40
5914 175
5915 154
5916 32
5917 1
5918 8
5919 2
5920 25
5921 3
5922 3
5923 0
5924 0
5925 509
5926 0
5927 105
5928 52
5929 1
5930 5
5931 299
5932 21
5933 4
5934 77
5935 27
5936 72
5937 4
5938 14
5939 26
5940 541
5941 15
5942 23
5943 68
5944 703
5945 285
5946 898
5947 13
5948 156
5949 0
5950 2
5951 392
5952 87
5953 79
5954 1
5955 16
5956 54
5957 26
5958 41
5959 0
5960 257
5961 207
5962 3
5963 17
5964 16
5965 1
5966 8
5967 21
5968 3
5969 532
5970 1
5971 189
5972 154
5973 27
5974 44
5975 12
5976 2
5977 1
5978 169
5979 1
5980 89
5981 51
5982 443
5983 421
5984 421
5985 1
5986 1
5987 1
5988 3
5989 1
5990 2
5991 379
5992 36
5993 547
5994 1
5995 39
5996 42
5997 5
5998 235
5999 1
6000 18
6001 16
6002 28
6003 9
6004 2
6005 241
6006 49
6007 1
6008 424
6009 11
6010 28
6011 1
6012 129
6013 0
6014 1
6015 1
6016 13
6017 71
6018 1
6019 1
6020 29
6021 40
6022 2
6023 11
6024 33
6025 11
6026 79
6027 1
6028 10
6029 28
6030 15
6031 9
6032 298
6033 1
6034 3
6035 2
6036 5
6037 1
6038 3
6039 1
6040 271
6041 89
6042 56
6043 7
6044 1
6045 68
6046 7
6047 2
6048 30
6049 619
6050 236
6051 4
6052 0
6053 65
6054 1
6055 1
6056 29
6057 38
6058 40
6059 262
6060 2
6061 61
6062 0
6063 31
6064 12
6065 1
6066 77
6067 2
6068 14
6069 14
6070 10
6071 1
6072 26
6073 41
6074 92
6075 116
6076 1
6077 1
6078 2
6079 0
6080 9
6081 1
6082 10
6083 146
6084 86
6085 4
6086 138
6087 43
6088 1
6089 164
6090 84
6091 2
6092 49
6093 21
6094 3
6095 5
6096 106
6097 7
6098 2
6099 1
6100 6
6101 6
6102 0
6103 5
6104 38
6105 85
6106 1
6107 27
6108 139
6109 2
6110 159
6111 1
6112 23
6113 6
6114 69
6115 1
6116 85
6117 22
6118 5
6119 41
6120 185
6121 82
6122 1
6123 1
6124 2
6125 3
6126 8
6127 1
6128 2
6129 0
6130 16
6131 12
6132 0
6133 327
6134 119
6135 118
6136 1
6137 0
6138 236
6139 55
6140 0
6141 1
6142 1
6143 116
6144 11
6145 63
6146 338
6147 40
6148 344
6149 66
6150 323
6151 13
6152 681
6153 70
6154 5
6155 201
6156 128
6157 1
6158 628
6159 12
6160 373
6161 279
6162 58
6163 15
6164 0
6165 73
6166 1
6167 13
6168 97
6169 34
6170 61
6171 117
6172 0
6173 2
6174 1
6175 101
6176 27
6177 94
6178 2
6179 24
6180 91
6181 3
6182 162
6183 7
6184 112
6185 25
6186 6
6187 281
6188 15
6189 1
6190 264
6191 25
6192 3
6193 1
6194 9
6195 295
6196 525
6197 1
6198 3
6199 1
6200 38
6201 3
6202 42
6203 215
6204 79
6205 2
6206 5
6207 124
6208 469
6209 6
6210 324
6211 0
6212 151
6213 325
6214 512
6215 5
6216 125
6217 350
6218 90
6219 1
6220 24
6221 157
6222 21
6223 3
6224 11
6225 147
6226 116
6227 41
6228 9
6229 2
6230 9
6231 97
6232 12
6233 1
6234 3
6235 0
6236 7
6237 3
6238 4
6239 40
6240 45
6241 0
6242 147
6243 1
6244 71
6245 46
6246 10
6247 21
6248 635
6249 1
6250 7
6251 1
6252 0
6253 2
6254 70
6255 120
6256 32
6257 18
6258 12
6259 41
6260 12
6261 98
6262 0
6263 23
6264 1
6265 13
6266 1
6267 654
6268 3
6269 1
6270 1
6271 507
6272 4
6273 1
6274 26
6275 53
6276 195
6277 194
6278 2
6279 20
6280 19
6281 0
6282 1
6283 11
6284 100
6285 1
6286 0
6287 219
6288 1
6289 6
6290 3
6291 2
6292 1
6293 12
6294 4
6295 6
6296 2
6297 1
6298 42
6299 15
6300 11
6301 3
6302 81
6303 2
6304 11
6305 0
6306 9
6307 274
6308 0
6309 20
6310 6
6311 5
6312 11
6313 5
6314 35
6315 0
6316 128
6317 6
6318 22
6319 20
6320 8
6321 0
6322 461
6323 1
6324 196
6325 1
6326 1
6327 2
6328 1
6329 1
6330 0
6331 56
6332 3
6333 14
6334 1
6335 0
6336 1
6337 15
6338 1
6339 1
6340 1
6341 16
6342 9
6343 20
6344 1
6345 790
6346 1
6347 1
6348 41
6349 2
6350 1
6351 0
6352 101
6353 101
6354 423
6355 14
6356 76
6357 2
6358 72
6359 101
6360 27
6361 0
6362 25
6363 63
6364 5
6365 0
6366 1
6367 6
6368 354
6369 14
6370 205
6371 101
6372 1
6373 1
6374 1
6375 134
6376 45
6377 777
6378 399
6379 677
6380 0
6381 223
6382 16
6383 6
6384 1
6385 1
6386 6
6387 239
6388 26
6389 67
6390 679
6391 327
6392 262
6393 56
6394 14
6395 6
6396 104
6397 4
6398 1
6399 11
6400 80
6401 36
6402 10
6403 44
6404 3
6405 1
6406 1
6407 8
6408 4
6409 5
6410 3
6411 786
6412 2
6413 1
6414 3
6415 2
6416 50
6417 9
6418 14
6419 2
6420 8
6421 4
6422 2
6423 6
6424 2
6425 30
6426 11
6427 13
6428 29
6429 5
6430 5
6431 2
6432 6
6433 4
6434 22
6435 2
6436 1
6437 4
6438 1
6439 0
6440 1
6441 8
6442 67
6443 9
6444 1
6445 4
6446 1
6447 1
6448 1
6449 0
6450 0
6451 1
6452 1
6453 18
6454 4
6455 34
6456 2
6457 0
6458 3
6459 21
6460 1
6461 1
6462 1
6463 1
6464 1
6465 5
6466 1
6467 846
6468 0
6469 1
6470 7
6471 1
6472 0
6473 0
6474 78
6475 2
6476 4
6477 139
6478 0
6479 0
6480 124
6481 51
6482 7
6483 0
6484 0
6485 3
6486 13
6487 0
6488 2
6489 1
6490 7
6491 167
6492 56
6493 31
6494 27
6495 7
6496 93
6497 116
6498 157
6499 11
6500 1
6501 1
6502 241
6503 7
6504 0
6505 15
6506 39
6507 5
6508 84
6509 55
6510 42
6511 62
6512 13
6513 824
6514 4
6515 121
6516 20
6517 1
6518 7
6519 7
6520 4
6521 3
6522 4
6523 144
6524 266
6525 266
6526 18
6527 66
6528 0
6529 166
6530 52
6531 2
6532 19
6533 0
6534 2
6535 2
6536 3
6537 37
6538 19
6539 1
6540 78
6541 2
6542 1
6543 101
6544 6
6545 1
6546 2
6547 1
6548 113
6549 17
6550 8
6551 2
6552 341
6553 10
6554 29
6555 0
6556 16
6557 393
6558 320
6559 211
6560 70
6561 7
6562 1
6563 0
6564 14
6565 6
6566 8
6567 33
6568 0
6569 36
6570 1
6571 42
6572 93
6573 26
6574 57
6575 47
6576 1
6577 1
6578 2
6579 8
6580 31
6581 1
6582 4
6583 1
6584 77
6585 122
6586 10
6587 329
6588 261
6589 2
6590 9
6591 9
6592 23
6593 13
6594 1
6595 13
6596 0
6597 1
6598 0
6599 88
6600 0
6601 2
6602 128
6603 0
6604 37
6605 1
6606 2
6607 4
6608 46
6609 4
6610 11
6611 2
6612 0
6613 2
6614 2
6615 6
6616 1
6617 1
6618 1
6619 120
6620 1
6621 1
6622 2
6623 12
6624 44
6625 437
6626 4
6627 1
6628 103
6629 1
6630 255
6631 8
6632 2
6633 269
6634 1
6635 8
6636 106
6637 5
6638 1
6639 71
6640 1
6641 41
6642 17
6643 658
6644 532
6645 159
6646 338
6647 1
6648 3
6649 177
6650 1
6651 6
6652 13
6653 141
6654 2
6655 28
6656 816
6657 439
6658 2
6659 9
6660 338
6661 12
6662 0
6663 1
6664 11
6665 16
6666 187
6667 162
6668 0
6669 137
6670 236
6671 4
6672 1
6673 1
6674 0
6675 5
6676 13
6677 9
6678 46
6679 2
6680 7
6681 3
6682 189
6683 7
6684 181
6685 320
6686 3
6687 33
6688 4
6689 3
6690 20
6691 1
6692 0
6693 11
6694 253
6695 0
6696 0
6697 1
6698 375
6699 1
6700 3
6701 4
6702 4
6703 2
6704 51
6705 1
6706 2
6707 6
6708 5
6709 85
6710 199
6711 1
6712 1
6713 127
6714 6
6715 15
6716 127
6717 6
6718 152
6719 0
6720 1
6721 59
6722 22
6723 0
6724 20
6725 3
6726 173
6727 3
6728 1
6729 3
6730 47
6731 25
6732 0
6733 1
6734 12
6735 17
6736 3
6737 10
6738 11
6739 0
6740 27
6741 39
6742 143
6743 47
6744 5
6745 60
6746 58
6747 4
6748 514
6749 3
6750 102
6751 128
6752 2
6753 1
6754 3
6755 41
6756 44
6757 35
6758 23
6759 6
6760 1
6761 8
6762 2
6763 123
6764 7
6765 5
6766 37
6767 4
6768 69
6769 74
6770 15
6771 169
6772 17
6773 3
6774 4
6775 29
6776 1
6777 1
6778 41
6779 6
6780 0
6781 0
6782 25
6783 0
6784 3
6785 1
6786 419
6787 7
6788 234
6789 417
6790 8
6791 0
6792 7
6793 373
6794 2
6795 4
6796 35
6797 135
6798 4
6799 148
6800 56
6801 2
6802 7
6803 6
6804 0
6805 0
6806 13
6807 130
6808 208
6809 121
6810 82
6811 37
6812 23
6813 12
6814 47
6815 19
6816 2
6817 49
6818 19
6819 584
6820 410
6821 206
6822 43
6823 285
6824 3
6825 40
6826 201
6827 40
6828 16
6829 14
6830 231
6831 53
6832 16
6833 5
6834 2
6835 179
6836 12
6837 374
6838 1
6839 109
6840 76
6841 7
6842 13
6843 5
6844 66
6845 146
6846 82
6847 1
6848 1
6849 2
6850 4
6851 2
6852 268
6853 0
6854 74
6855 124
6856 0
6857 34
6858 26
6859 229
6860 2
6861 56
6862 12
6863 84
6864 401
6865 6
6866 8
6867 78
6868 67
6869 5
6870 46
6871 185
6872 1
6873 22
6874 457
6875 46
6876 10
6877 1
6878 38
6879 18
6880 5
6881 10
6882 5
6883 61
6884 44
6885 55
6886 43
6887 49
6888 32
6889 28
6890 8
6891 8
6892 53
6893 6
6894 12
6895 60
6896 1
6897 4
6898 75
6899 81
6900 57
6901 17
6902 244
6903 113
6904 5
6905 13
6906 0
6907 2
6908 2
6909 8
6910 5
6911 0
6912 6
6913 1
6914 17
6915 9
6916 8
6917 4
6918 2
6919 1
6920 0
6921 9
6922 2
6923 1
6924 10
6925 2
6926 15
6927 1
6928 526
6929 13
6930 4
6931 6
6932 1
6933 6
6934 8
6935 1
6936 19
6937 16
6938 2
6939 9
6940 0
6941 1
6942 184
6943 1
6944 286
6945 0
6946 1
6947 2
6948 11
6949 3
6950 8
6951 20
6952 357
6953 87
6954 8
6955 369
6956 7
6957 102
6958 671
6959 1
6960 579
6961 10
6962 1
6963 309
6964 4
6965 22
6966 6
6967 1
6968 29
6969 25
6970 240
6971 20
6972 3
6973 10
6974 2
6975 5
6976 53
6977 65
6978 5
6979 79
6980 13
6981 286
6982 6
6983 80
6984 4
6985 7
6986 1
6987 105
6988 30
6989 299
6990 46
6991 22
6992 28
6993 52
6994 0
6995 10
6996 0
6997 126
6998 120
6999 9
7000 18
7001 47
7002 0
7003 5
7004 40
7005 129
7006 5
7007 4
7008 2
7009 8
7010 0
7011 12
7012 33
7013 0
7014 1
7015 20
7016 3
7017 98
7018 0
7019 14
7020 6
7021 2
7022 0
7023 7
7024 85
7025 60
7026 242
7027 832
7028 37
7029 1
7030 684
7031 19
7032 76
7033 16
7034 3
7035 6
7036 2
7037 1
7038 19
7039 60
7040 647
7041 1
7042 9
7043 556
7044 470
7045 4
7046 2
7047 0
7048 0
7049 52
7050 99
7051 79
7052 25
7053 388
7054 6
7055 1
7056 23
7057 72
7058 86
7059 255
7060 5
7061 22
7062 0
7063 2
7064 53
7065 9
7066 12
7067 9
7068 23
7069 856
7070 2
7071 6
7072 12
7073 4
7074 39
7075 15
7076 0
7077 95
7078 3
7079 2
7080 0
7081 1
7082 6
7083 1
7084 26
7085 0
7086 1
7087 744
7088 4
7089 3
7090 161
7091 635
7092 635
7093 89
7094 295
7095 350
7096 98
7097 187
7098 50
7099 66
7100 3
7101 5
7102 4
7103 1
7104 0
7105 1
7106 8
7107 687
7108 362
7109 88
7110 1
7111 12
7112 167
7113 1
7114 10
7115 2
7116 5
7117 72
7118 18
7119 2
7120 59
7121 28
7122 1
7123 465
7124 53
7125 0
7126 105
7127 13
7128 35
7129 83
7130 41
7131 416
7132 2
7133 30
7134 8
7135 8
7136 5
7137 4
7138 139
7139 133
7140 1
7141 83
7142 7
7143 1
7144 41
7145 15
7146 27
7147 2
7148 0
7149 507
7150 10
7151 2
7152 284
7153 12
7154 1
7155 1
7156 6
7157 634
7158 1
7159 7
7160 1
7161 0
7162 81
7163 382
7164 10
7165 1
7166 631
7167 3
7168 0
7169 16
7170 7
7171 7
7172 4
7173 93
7174 235
7175 369
7176 66
7177 5
7178 0
7179 378
7180 836
7181 12
7182 157
7183 3
7184 199
7185 3
7186 4
7187 12
7188 6
7189 18
7190 0
7191 0
7192 25
7193 96
7194 2
7195 3
7196 0
7197 405
7198 41
7199 1
7200 1
7201 200
7202 5
7203 2
7204 7
7205 4
7206 1
7207 2
7208 4
7209 1
7210 2
7211 224
7212 1
7213 78
7214 104
7215 0
7216 5
7217 52
7218 7
7219 2
7220 1
7221 197
7222 187
7223 2
7224 10
7225 68
7226 2
7227 6
7228 7
7229 49
7230 1
7231 2
7232 23
7233 1
7234 363
7235 14
7236 39
7237 72
7238 3
7239 24
7240 39
7241 46
7242 30
7243 8
7244 37
7245 15
7246 7
7247 21
7248 4
7249 205
7250 0
7251 76
7252 8
7253 1
7254 12
7255 158
7256 150
7257 7
7258 10
7259 221
7260 209
7261 9
7262 22
7263 4
7264 26
7265 6
7266 5
7267 20
7268 8
7269 36
7270 23
7271 15
7272 22
7273 39
7274 167
7275 2
7276 67
7277 27
7278 1
7279 20
7280 1
7281 1
7282 16
7283 134
7284 69
7285 2
7286 33
7287 3
7288 6
7289 3
7290 286
7291 106
7292 11
7293 58
7294 8
7295 11
7296 25
7297 37
7298 12
7299 66
7300 2
7301 500
7302 1
7303 23
7304 14
7305 0
7306 185
7307 13
7308 25
7309 41
7310 1
7311 62
7312 65
7313 18
7314 21
7315 0
7316 1
7317 22
7318 4
7319 105
7320 27
7321 2
7322 3
7323 10
7324 3
7325 14
7326 3
7327 2
7328 1
7329 1
7330 84
7331 226
7332 1
7333 1
7334 8
7335 20
7336 2
7337 4
7338 172
7339 2
7340 105
7341 368
7342 1
7343 13
7344 1
7345 6
7346 6
7347 0
7348 42
7349 1
7350 4
7351 3
7352 364
7353 1
7354 3
7355 0
7356 222
7357 1
7358 3
7359 5
7360 27
7361 2
7362 73
7363 45
7364 21
7365 8
7366 2
7367 76
7368 0
7369 12
7370 2
7371 103
7372 8
7373 5
7374 3
7375 1
7376 10
7377 1
7378 1
7379 790
7380 33
7381 1
7382 33
7383 164
7384 164
7385 129
7386 58
7387 233
7388 320
7389 9
7390 1
7391 121
7392 4
7393 1
7394 5
7395 42
7396 28
7397 34
7398 2
7399 6
7400 0
7401 9
7402 1
7403 4
7404 296
7405 504
7406 2
7407 126
7408 4
7409 7
7410 1
7411 4
7412 34
7413 52
7414 9
7415 2
7416 5
7417 19
7418 169
7419 84
7420 72
7421 189
7422 136
7423 12
7424 9
7425 1
7426 1
7427 11
7428 6
7429 9
7430 49
7431 1
7432 29
7433 8
7434 9
7435 5
7436 65
7437 5
7438 14
7439 1
7440 57
7441 87
7442 19
7443 33
7444 322
7445 81
7446 249
7447 64
7448 2
7449 72
7450 70
7451 1
7452 1
7453 73
7454 1
7455 3
7456 285
7457 35
7458 9
7459 5
7460 2
7461 1
7462 15
7463 14
7464 1
7465 12
7466 1
7467 19
7468 46
7469 15
7470 1
7471 5
7472 6
7473 3
7474 6
7475 2
7476 20
7477 0
7478 3
7479 26
7480 1
7481 11
7482 1
7483 3
7484 871
7485 11
7486 2
7487 213
7488 74
7489 2
7490 3
7491 4
7492 654
7493 29
7494 14
7495 3
7496 16
7497 10
7498 3
7499 2
7500 1
7501 9
7502 2
7503 49
7504 1
7505 148
7506 28
7507 826
7508 4
7509 765
7510 688
7511 73
7512 6
7513 28
7514 16
7515 91
7516 86
7517 41
7518 24
7519 3
7520 40
7521 57
7522 45
7523 1
7524 46
7525 3
7526 44
7527 21
7528 0
7529 21
7530 2
7531 8
7532 1
7533 262
7534 110
7535 6
7536 90
7537 174
7538 574
7539 5
7540 2
7541 4
7542 17
7543 5
7544 3
7545 18
7546 38
7547 284
7548 37
7549 5
7550 55
7551 0
7552 12
7553 72
7554 73
7555 4
7556 12
7557 23
7558 0
7559 1
7560 51
7561 2
7562 32
7563 11
7564 98
7565 1
7566 5
7567 120
7568 140
7569 749
7570 2
7571 443
7572 10
7573 3
7574 132
7575 2
7576 6
7577 83
7578 11
7579 2
7580 6
7581 43
7582 680
7583 4
7584 0
7585 10
7586 28
7587 17
7588 20
7589 64
7590 62
7591 248
7592 126
7593 182
7594 55
7595 17
7596 3
7597 2
7598 142
7599 33
7600 28
7601 120
7602 13
7603 1
7604 1
7605 36
7606 593
7607 123
7608 5
7609 1
7610 23
7611 57
7612 0
7613 1
7614 12
7615 51
7616 41
7617 1
7618 3
7619 70
7620 44
7621 15
7622 49
7623 20
7624 9
7625 10
7626 3
7627 12
7628 1
7629 25
7630 2
7631 44
7632 3
7633 4
7634 4
7635 27
7636 0
7637 73
7638 1
7639 14
7640 45
7641 3
7642 3
7643 5
7644 90
7645 27
7646 4
7647 1
7648 2
7649 1
7650 33
7651 2
7652 0
7653 140
7654 5
7655 714
7656 2
7657 7
7658 1
7659 6
7660 0
7661 40
7662 20
7663 201
7664 1
7665 2
7666 0
7667 50
7668 27
7669 2
7670 2
7671 30
7672 28
7673 23
7674 1
7675 2
7676 105
7677 3
7678 1
7679 2
7680 1
7681 12
7682 3
7683 412
7684 1
7685 1
7686 22
7687 832
7688 54
7689 11
7690 10
7691 2
7692 10
7693 42
7694 2
7695 92
7696 26
7697 10
7698 3
7699 1
7700 21
7701 1
7702 1
7703 8
7704 2
7705 116
7706 1
7707 5
7708 116
7709 69
7710 0
7711 12
7712 58
7713 607
7714 0
7715 0
7716 2
7717 1
7718 152
7719 12
7720 5
7721 0
7722 1
7723 207
7724 98
7725 1
7726 10
7727 17
7728 1
7729 3
7730 74
7731 69
7732 671
7733 8
7734 320
7735 7
7736 36
7737 307
7738 244
7739 1
7740 17
7741 29
7742 37
7743 2
7744 449
7745 19
7746 140
7747 73
7748 2
7749 3
7750 2
7751 3
7752 27
7753 2
7754 2
7755 365
7756 29
7757 212
7758 0
7759 218
7760 22
7761 0
7762 3
7763 126
7764 19
7765 17
7766 43
7767 8
7768 12
7769 38
7770 3
7771 8
7772 88
7773 10
7774 0
7775 8
7776 112
7777 35
7778 51
7779 14
7780 512
7781 39
7782 11
7783 12
7784 503
7785 3
7786 1
7787 5
7788 9
7789 15
7790 8
7791 1
7792 53
7793 443
7794 4
7795 65
7796 2
7797 11
7798 797
7799 2
7800 145
7801 54
7802 112
7803 21
7804 3
7805 37
7806 41
7807 609
7808 594
7809 216
7810 4
7811 330
7812 3
7813 2
7814 30
7815 3
7816 9
7817 1
7818 31
7819 4
7820 1
7821 3
7822 286
7823 274
7824 48
7825 149
7826 3
7827 10
7828 1
7829 1
7830 8
7831 76
7832 9
7833 75
7834 3
7835 2
7836 3
7837 6
7838 16
7839 16
7840 151
7841 5
7842 613
7843 0
7844 75
7845 6
7846 1
7847 1
7848 14
7849 11
7850 3
7851 5
7852 1
7853 3
7854 1
7855 3
7856 5
7857 30
7858 6
7859 1
7860 140
7861 211
7862 195
7863 6
7864 33
7865 1
7866 1
7867 1
7868 33
7869 26
7870 29
7871 10
7872 13
7873 12
7874 6
7875 8
7876 11
7877 10
7878 5
7879 1
7880 68
7881 36
7882 10
7883 36
7884 25
7885 0
7886 526
7887 4
7888 3
7889 3
7890 88
7891 13
7892 0
7893 29
7894 207
7895 34
7896 7
7897 2
7898 0
7899 0
7900 0
7901 0
7902 24
7903 20
7904 83
7905 130
7906 25
7907 4
7908 28
7909 8
7910 2
7911 3
7912 0
7913 14
7914 6
7915 44
7916 4
