1 1.553
2 1.481
3 1.678
4 1.658
5 1.292
6 1.337
7 1.276
8 1.398
9 1.456
10 1.469
11 1.161
12 1.456
13 1.194
14 1.377
15 1.244
16 1.268
17 1.119
18 1.187
19 1.137
20 1.229
21 1.222
22 1.301
23 1.284
24 1.092
25 1.284
26 1.26
27 1.076
28 0.585
29 1.046
30 1.018
31 1.056
32 1.292
33 1.119
34 1.036
35 0.959
36 1.041
37 1.071
38 1.066
39 0.757
40 0.963
41 1.046
42 1.081
43 1.051
44 0.939
45 0.886
46 0.893
47 0.845
48 0.876
49 0.863
50 0.883
51 0.873
52 0.611
53 0.876
54 0.724
55 0.614
56 0.652
57 0.68
58 0.688
59 0.65
60 0.607
61 0.623
62 0.597
63 0.644
64 0.529
65 0.467
66 0.475
67 0.441
68 0.456
69 0.529
70 0.439
71 0.472
72 0.513
73 0.58
74 0.538
75 0.544
76 0.807
77 2.301
78 0
79 0
80 0
81 0
82 0
83 0
84 0
85 0
86 0
87 0
88 0
89 0
90 0
91 0
92 0
93 0
94 0
95 0
96 0
97 0
98 0
99 0
100 0
101 0
102 0
103 0
104 0
105 0
106 0
107 0
108 0
109 0
110 0
111 0
112 0
113 0
114 0
115 0
116 0
117 0
118 0
119 0
120 0
121 0
122 0
123 0
124 0
125 0
126 0
127 0
128 0
129 0
130 0
131 0
132 0
133 0
134 0
135 0
136 0
137 0
138 0
139 0
140 0
141 0
142 0.068
143 3.0
144 1.31
145 3.0
146 0.73
147 1.585
148 1.824
149 1.409
150 3.0
151 0.396
152 1.347
153 2.222
154 1.77
155 1.77
156 0.386
157 2.155
158 0.117
159 1.638
160 2.222
161 3.0
162 2.523
163 1.854
164 0.775
165 2.699
166 2.523
167 1.26
168 1.854
169 1.42
170 0.53
171 1.046
172 0.842
173 0.987
174 1.585
175 1.921
176 1.886
177 3.0
178 1.523
179 1.046
180 2.222
181 2.523
182 1.398
183 3.0
184 1.721
185 0
186 0.488
187 1.31
188 1.155
189 0
190 1.174
191 2.0
192 1.585
193 1.886
194 1.495
195 1.538
196 1.387
197 2.0
198 0.181
199 0.224
200 0.342
201 1.174
202 1.721
203 2.155
204 2.155
205 1.959
206 1.553
207 2.222
208 1.387
209 0.452
210 2.699
211 0.893
212 1.886
213 2.097
214 1.036
215 1.721
216 0.914
217 1.387
218 0.712
219 0
220 1.215
221 0.106
222 0.77
223 0.315
224 1.276
225 1.854
226 2.097
227 1.268
228 0.631
229 0
230 0.519
231 0.866
232 2.523
233 0.073
234 1.886
235 0.149
236 0.757
237 2.699
238 3.0
239 0.28
240 0.318
241 0.708
242 1.959
243 3.0
244 1.066
245 1.161
246 1.886
247 0.917
248 3.0
249 1.229
250 1.377
251 0.511
252 1.18
253 0.678
254 0.963
255 1.276
256 2.523
257 0.996
258 0.4
259 2.699
260 1.319
261 3.0
262 0.688
263 1.745
264 2.301
265 1.244
266 1.745
267 0.738
268 0.975
269 0.959
270 1.699
271 2.0
272 0.793
273 2.046
274 1.268
275 1.137
276 2.046
277 1.292
278 0.553
279 2.155
280 2.699
281 2.398
282 0.733
283 0.668
284 1.886
285 1.31
286 0.796
287 1.569
288 2.523
289 2.222
290 2.398
291 1.125
292 3.0
293 2.222
294 1.62
295 1.959
296 0
297 3.0
298 0.609
299 3.0
300 1.569
301 1.678
302 1.174
303 0.425
304 1.854
305 2.523
306 0
307 2.097
308 1.699
309 2.222
310 2.222
311 0.191
312 0
313 0.907
314 1.796
315 1.268
316 1.553
317 1.678
318 1.886
319 2.398
320 2.398
321 1.319
322 3.0
323 0.611
324 0.81
325 1.161
326 1.31
327 3.0
328 1.456
329 0.072
330 2.222
331 1.77
332 0.433
333 0.767
334 0.159
335 0.903
336 1.013
337 1.658
338 0.351
339 0.309
340 0
341 2.155
342 2.523
343 3.0
344 1.745
345 0.69
346 2.523
347 1.469
348 3.0
349 2.301
350 1.824
351 2.699
352 0.896
353 1.824
354 2.155
355 0.896
356 0.47
357 1.444
358 1.167
359 0
360 3.0
361 2.301
362 0.101
363 2.0
364 1.046
365 2.699
366 1.959
367 1.585
368 1.432
369 1.444
370 2.699
371 2.398
372 0.071
373 2.523
374 0.719
375 0.405
376 0.783
377 1.959
378 3.0
379 1.921
380 1.161
381 0.19
382 0.16
383 0.928
384 0.742
385 0.362
386 1.149
387 2.222
388 3.0
389 2.222
390 2.398
391 0.358
392 3.0
393 0.146
394 2.523
395 0.66
396 1.092
397 0.71
398 1.081
399 2.398
400 0.754
401 0.863
402 2.0
403 0.804
404 1.125
405 3.0
406 2.398
407 3.0
408 2.301
409 3.0
410 2.222
411 0.876
412 2.523
413 1.027
414 3.0
415 2.699
416 3.0
417 2.398
418 1.398
419 0.706
420 0.818
421 0.569
422 0.971
423 0.165
424 0.553
425 0.735
426 0
427 2.222
428 0
429 3.0
430 0.726
431 0.37
432 3.0
433 3.0
434 3.0
435 1.523
436 0.943
437 1.886
438 1.585
439 2.398
440 2.699
441 2.0
442 2.301
443 0.1
444 0
445 3.0
446 0.996
447 3.0
448 1.796
449 0.983
450 3.0
451 1.347
452 2.699
453 2.046
454 1.886
455 1.886
456 2.699
457 2.699
458 1.201
459 1.921
460 0
461 0.656
462 1.495
463 1.921
464 1.222
465 2.097
466 1.456
467 1.886
468 1.921
469 0.226
470 0.728
471 2.699
472 0.334
473 3.0
474 2.523
475 3.0
476 1.824
477 3.0
478 3.0
479 2.523
480 0.674
481 1.959
482 2.0
483 0.391
484 1.796
485 2.097
486 2.398
487 1.137
488 0.876
489 2.523
490 1.432
491 3.0
492 0.921
493 0
494 2.155
495 0
496 2.301
497 3.0
498 0.747
499 1.018
500 0.143
501 0.265
502 1.013
503 0.121
504 1.201
505 1.796
506 2.523
507 2.699
508 2.398
509 0.332
510 0.625
511 0.633
512 0.863
513 2.222
514 0.845
515 1.161
516 1.237
517 3.0
518 0.629
519 0.5
520 0.854
521 0.111
522 1.319
523 1.42
524 0.955
525 3.0
526 0
527 2.301
528 0.857
529 2.699
530 3.0
531 3.0
532 1.699
533 2.222
534 3.0
535 0.684
536 2.301
537 0.471
538 0.46
539 0.476
540 0.646
541 1.066
542 0.519
543 0
544 0.903
545 3.0
546 1.387
547 1.018
548 0.866
549 1.013
550 0.697
551 1.022
552 1.469
553 0.633
554 1.553
555 1.0
556 1.252
557 2.222
558 0.108
559 3.0
560 0.369
561 0.433
562 1.569
563 0
564 1.469
565 2.523
566 2.523
567 0.078
568 0.947
569 2.699
570 0.896
571 0.298
572 1.056
573 0.345
574 0.706
575 0.676
576 2.699
577 1.495
578 0.526
579 1.921
580 2.301
581 1.959
582 0.059
583 0.631
584 0.633
585 1.678
586 1.18
587 1.886
588 1.046
589 1.796
590 0.879
591 0.842
592 1.06
593 3.0
594 1.056
595 0.745
596 1.444
597 0.423
598 0.65
599 0.876
600 0.738
601 1.013
602 1.244
603 0.947
604 0.9
605 1.143
606 1.31
607 1.051
608 1.921
609 2.699
610 3.0
611 0
612 0.077
613 0
614 3.0
615 0.889
616 2.699
617 1.796
618 3.0
619 0.81
620 1.208
621 0.955
622 1.284
623 0.71
624 0.545
625 0.9
626 0.955
627 1.244
628 1.569
629 0.654
630 0.654
631 0.738
632 3.0
633 2.301
634 0.764
635 0.83
636 1.538
637 2.222
638 1.959
639 1.244
640 1.62
641 2.699
642 0.903
643 2.046
644 1.0
645 1.959
646 0
647 1.699
648 0.3
649 0.401
650 0.783
651 3.0
652 0.75
653 3.0
654 1.119
655 1.161
656 1.292
657 2.222
658 1.886
659 0.314
660 1.131
661 0.36
662 1.638
663 2.046
664 2.301
665 3.0
666 0.733
667 1.585
668 2.523
669 2.699
670 0.745
671 0.991
672 1.721
673 0.58
674 0.708
675 2.523
676 1.959
677 1.284
678 1.553
679 0.58
680 1.357
681 2.046
682 2.398
683 2.097
684 0.364
685 2.699
686 0.801
687 0.857
688 3.0
689 2.523
690 0
691 2.523
692 2.155
693 0
694 0
695 2.699
696 0.099
697 1.745
698 1.337
699 1.638
700 2.523
701 3.0
702 2.301
703 0.963
704 2.046
705 3.0
706 1.456
707 3.0
708 3.0
709 1.921
710 3.0
711 0.347
712 3.0
713 0
714 0.565
715 2.699
716 0
717 3.0
718 0.796
719 1.959
720 1.42
721 2.699
722 3.0
723 2.699
724 3.0
725 3.0
726 0.309
727 3.0
728 3.0
729 1.092
730 2.222
731 0
732 1.721
733 2.301
734 2.699
735 2.699
736 3.0
737 2.523
738 1.796
739 2.398
740 0.489
741 0
742 1.921
743 2.523
744 2.699
745 0.921
746 1.678
747 2.0
748 0.319
749 0
750 0
751 0.801
752 1.921
753 2.155
754 3.0
755 2.222
756 2.523
757 1.854
758 2.523
759 1.602
760 2.699
761 1.921
762 0.071
763 2.398
764 2.523
765 3.0
766 3.0
767 0.636
768 2.699
769 1.959
770 2.301
771 1.824
772 2.097
773 2.398
774 2.523
775 2.699
776 0
777 0.564
778 0.393
779 0
780 3.0
781 2.097
782 0
783 1.237
784 2.398
785 2.155
786 2.155
787 1.509
788 3.0
789 0.818
790 1.959
791 0
792 1.208
793 1.444
794 3.0
795 1.06
796 2.155
797 0.493
798 2.523
799 1.77
800 3.0
801 2.523
802 0
803 1.62
804 0.714
805 2.398
806 0
807 1.638
808 1.432
809 0.936
810 1.585
811 2.398
812 0.873
813 1.319
814 2.301
815 2.699
816 0.312
817 2.046
818 1.959
819 2.222
820 3.0
821 2.699
822 0.975
823 0.472
824 1.921
825 0
826 3.0
827 1.602
828 2.699
829 3.0
830 3.0
831 0.616
832 0.699
833 2.699
834 0.775
835 1.638
836 0.742
837 0
838 2.0
839 2.699
840 0.883
841 2.523
842 2.523
843 0.631
844 2.699
845 1.481
846 0.939
847 0
848 0.438
849 1.824
850 0.903
851 2.301
852 2.222
853 3.0
854 1.721
855 1.31
856 1.0
857 0
858 3.0
859 1.301
860 0.971
861 2.699
862 0
863 2.301
864 3.0
865 2.699
866 0
867 2.301
868 1.658
869 0
870 0
871 2.398
872 0.479
873 0.991
874 2.699
875 2.301
876 1.081
877 2.097
878 3.0
879 3.0
880 3.0
881 3.0
882 2.523
883 3.0
884 0
885 1.013
886 2.222
887 3.0
888 1.638
889 2.046
890 1.745
891 1.638
892 2.398
893 0
894 2.523
895 2.155
896 1.921
897 2.523
898 1.699
899 1.959
900 3.0
901 1.745
902 2.699
903 3.0
904 3.0
905 0
906 3.0
907 1.301
908 3.0
909 3.0
910 1.119
911 3.0
912 2.222
913 2.523
914 2.523
915 3.0
916 1.347
917 2.301
918 1.602
919 2.699
920 3.0
921 1.921
922 2.523
923 0.622
924 3.0
925 2.301
926 2.398
927 3.0
928 0.638
929 2.155
930 1.824
931 2.699
932 2.046
933 2.523
934 1.387
935 2.398
936 3.0
937 1.004
938 1.77
939 2.523
940 0.75
941 2.699
942 3.0
943 2.155
944 1.854
945 2.523
946 1.658
947 2.222
948 1.167
949 2.523
950 1.538
951 3.0
952 2.301
953 1.796
954 1.886
955 1.921
956 2.301
957 2.523
958 1.456
959 1.824
960 3.0
961 2.523
962 2.523
963 0.708
964 1.886
965 1.886
966 3.0
967 2.046
968 3.0
969 2.699
970 1.699
971 2.046
972 0
973 0
974 1.854
975 0
976 2.046
977 3.0
978 2.398
979 3.0
980 1.108
981 1.699
982 2.301
983 3.0
984 2.222
985 0
986 1.959
987 2.097
988 2.699
989 1.131
990 1.959
991 2.398
992 1.367
993 2.301
994 2.523
995 0
996 2.097
997 1.796
998 1.553
999 1.959
1000 3.0
1001 0
1002 2.301
1003 3.0
1004 2.097
1005 2.301
1006 2.523
1007 2.398
1008 2.523
1009 1.194
1010 0.648
1011 3.0
1012 0.996
1013 2.046
1014 0
1015 2.699
1016 2.222
1017 2.398
1018 3.0
1019 0.616
1020 2.398
1021 2.699
1022 0.851
1023 3.0
1024 1.678
1025 2.301
1026 1.745
1027 2.398
1028 1.481
1029 1.62
1030 2.523
1031 0
1032 2.398
1033 0
1034 2.699
1035 0.684
1036 0.684
1037 2.398
1038 3.0
1039 0.558
1040 3.0
1041 2.046
1042 2.699
1043 2.523
1044 2.523
1045 1.796
1046 1.347
1047 3.0
1048 3.0
1049 2.699
1050 0
1051 0
1052 1.409
1053 0
1054 3.0
1055 2.222
1056 0.975
1057 1.745
1058 1.056
1059 1.328
1060 1.921
1061 1.745
1062 1.187
1063 1.569
1064 0
1065 3.0
1066 2.699
1067 2.155
1068 3.0
1069 0.939
1070 1.161
1071 2.097
1072 3.0
1073 2.699
1074 3.0
1075 3.0
1076 2.398
1077 1.585
1078 1.959
1079 1.921
1080 3.0
1081 2.301
1082 3.0
1083 1.699
1084 0.572
1085 1.721
1086 1.886
1087 3.0
1088 0.759
1089 2.155
1090 2.155
1091 3.0
1092 1.699
1093 0.45
1094 2.301
1095 0.767
1096 2.523
1097 0
1098 2.523
1099 2.699
1100 2.155
1101 1.357
1102 3.0
1103 1.481
1104 0
1105 0.355
1106 2.155
1107 1.481
1108 2.398
1109 3.0
1110 0.503
1111 3.0
1112 1.143
1113 1.167
1114 0.58
1115 2.301
1116 2.699
1117 0
1118 3.0
1119 0
1120 1.125
1121 1.432
1122 1.921
1123 2.301
1124 0.234
1125 2.0
1126 0
1127 1.886
1128 0.388
1129 2.398
1130 2.699
1131 1.721
1132 3.0
1133 1.201
1134 1.678
1135 3.0
1136 2.222
1137 0.352
1138 1.721
1139 0.936
1140 2.398
1141 0.991
1142 1.222
1143 1.208
1144 0
1145 0
1146 2.523
1147 2.097
1148 2.0
1149 2.398
1150 1.509
1151 1.509
1152 1.31
1153 1.328
1154 0.413
1155 1.959
1156 1.056
1157 0.9
1158 3.0
1159 0.951
1160 2.155
1161 1.509
1162 2.046
1163 1.62
1164 0
1165 0.308
1166 3.0
1167 0
1168 2.155
1169 3.0
1170 0.917
1171 2.097
1172 2.097
1173 3.0
1174 2.523
1175 0.588
1176 1.585
1177 0.815
1178 1.018
1179 2.0
1180 2.155
1181 2.046
1182 2.523
1183 3.0
1184 1.824
1185 3.0
1186 0.754
1187 3.0
1188 0
1189 1.745
1190 2.398
1191 2.699
1192 0
1193 0
1194 1.658
1195 3.0
1196 0.084
1197 0
1198 1.119
1199 0
1200 2.222
1201 0
1202 0.824
1203 1.367
1204 2.046
1205 0.114
1206 3.0
1207 2.523
1208 2.0
1209 2.398
1210 1.013
1211 0.959
1212 3.0
1213 1.18
1214 0
1215 3.0
1216 0.171
1217 1.921
1218 1.854
1219 2.523
1220 0.48
1221 0.928
1222 1.569
1223 1.886
1224 2.0
1225 3.0
1226 1.276
1227 0.517
1228 2.699
1229 1.854
1230 3.0
1231 0
1232 0.597
1233 1.854
1234 0
1235 0.545
1236 0
1237 2.222
1238 3.0
1239 1.509
1240 0.896
1241 2.699
1242 0
1243 0
1244 1.367
1245 1.959
1246 0.419
1247 0.975
1248 3.0
1249 3.0
1250 0.863
1251 3.0
1252 2.155
1253 1.337
1254 0.67
1255 0.69
1256 2.046
1257 2.301
1258 2.0
1259 0.437
1260 0.883
1261 2.699
1262 3.0
1263 1.036
1264 1.77
1265 1.77
1266 0.654
1267 2.699
1268 1.409
1269 1.268
1270 1.886
1271 2.301
1272 3.0
1273 3.0
1274 0.955
1275 0.951
1276 1.658
1277 1.824
1278 1.959
1279 0.311
1280 2.699
1281 3.0
1282 2.222
1283 3.0
1284 2.699
1285 1.398
1286 1.553
1287 0.86
1288 2.398
1289 3.0
1290 3.0
1291 3.0
1292 1.959
1293 0
1294 2.097
1295 2.699
1296 1.721
1297 3.0
1298 1.102
1299 0
1300 2.699
1301 0
1302 0
1303 0
1304 1.276
1305 2.155
1306 2.398
1307 2.155
1308 2.523
1309 1.387
1310 2.398
1311 3.0
1312 0
1313 0.35
1314 3.0
1315 1.022
1316 0
1317 0
1318 3.0
1319 1.108
1320 2.398
1321 3.0
1322 0.648
1323 1.745
1324 1.161
1325 1.796
1326 0.75
1327 0
1328 3.0
1329 3.0
1330 0
1331 1.119
1332 2.699
1333 0
1334 1.409
1335 2.155
1336 2.699
1337 1.108
1338 1.268
1339 2.0
1340 2.699
1341 2.523
1342 2.301
1343 3.0
1344 2.0
1345 2.0
1346 2.699
1347 2.523
1348 2.699
1349 2.222
1350 2.523
1351 2.046
1352 1.495
1353 1.638
1354 1.569
1355 1.921
1356 0.281
1357 1.585
1358 2.699
1359 0.625
1360 0.866
1361 2.155
1362 0.593
1363 1.886
1364 0.298
1365 1.886
1366 2.301
1367 0.383
1368 1.553
1369 2.523
1370 0
1371 1.959
1372 0.83
1373 1.638
1374 1.921
1375 2.155
1376 0
1377 2.398
1378 1.201
1379 2.301
1380 2.097
1381 0.349
1382 2.155
1383 3.0
1384 0.521
1385 2.699
1386 3.0
1387 2.0
1388 1.678
1389 2.046
1390 2.398
1391 2.699
1392 0
1393 1.432
1394 3.0
1395 2.222
1396 2.699
1397 2.523
1398 1.77
1399 0.604
1400 2.523
1401 1.678
1402 2.301
1403 3.0
1404 1.456
1405 2.699
1406 1.959
1407 2.699
1408 0.578
1409 0.848
1410 1.481
1411 1.658
1412 2.398
1413 3.0
1414 1.538
1415 2.046
1416 2.699
1417 2.301
1418 3.0
1419 3.0
1420 3.0
1421 1.409
1422 1.796
1423 2.222
1424 3.0
1425 0
1426 2.046
1427 3.0
1428 2.301
1429 1.678
1430 2.699
1431 2.523
1432 3.0
1433 2.222
1434 2.699
1435 2.398
1436 2.699
1437 3.0
1438 0.496
1439 1.824
1440 1.886
1441 3.0
1442 2.523
1443 3.0
1444 1.301
1445 0
1446 1.796
1447 1.796
1448 1.886
1449 1.886
1450 2.301
1451 1.523
1452 1.569
1453 0.638
1454 1.328
1455 1.18
1456 1.092
1457 1.398
1458 1.328
1459 2.523
1460 2.097
1461 1.602
1462 2.155
1463 0
1464 1.301
1465 3.0
1466 1.678
1467 1.77
1468 1.409
1469 1.42
1470 3.0
1471 0.342
1472 0
1473 1.432
1474 1.678
1475 0.796
1476 1.013
1477 1.018
1478 1.569
1479 0.804
1480 0.876
1481 1.051
1482 0.432
1483 0.717
1484 0.397
1485 1.222
1486 0.807
1487 1.921
1488 0.609
1489 1.553
1490 2.222
1491 1.244
1492 1.108
1493 0
1494 1.086
1495 1.824
1496 1.699
1497 0.726
1498 0.975
1499 1.77
1500 1.252
1501 1.409
1502 1.328
1503 2.097
1504 3.0
1505 1.114
1506 1.456
1507 2.699
1508 0.796
1509 0.504
1510 1.658
1511 1.481
1512 2.046
1513 0.469
1514 0.854
1515 1.959
1516 0.551
1517 1.009
1518 1.377
1519 2.155
1520 2.398
1521 0.801
1522 1.658
1523 1.824
1524 2.155
1525 2.398
1526 1.022
1527 0.951
1528 1.444
1529 1.26
1530 1.824
1531 1.398
1532 1.347
1533 1.62
1534 1.022
1535 2.301
1536 1.187
1537 1.187
1538 1.481
1539 3.0
1540 1.167
1541 0.959
1542 1.013
1543 1.921
1544 2.046
1545 2.398
1546 0.839
1547 1.42
1548 0.388
1549 0.444
1550 1.456
1551 2.0
1552 0.987
1553 0.57
1554 0.488
1555 1.886
1556 2.699
1557 1.699
1558 0.78
1559 1.347
1560 0.506
1561 1.119
1562 3.0
1563 3.0
1564 0.446
1565 2.699
1566 2.523
1567 0.672
1568 1.678
1569 1.284
1570 1.319
1571 2.699
1572 1.0
1573 1.678
1574 0.592
1575 0.943
1576 1.125
1577 2.155
1578 0.851
1579 2.398
1580 1.745
1581 1.319
1582 2.097
1583 1.854
1584 2.699
1585 2.699
1586 3.0
1587 1.886
1588 1.959
1589 1.481
1590 0.631
1591 0.854
1592 2.398
1593 3.0
1594 3.0
1595 1.585
1596 1.022
1597 2.699
1598 2.699
1599 1.854
1600 1.367
1601 1.018
1602 0.538
1603 0.668
1604 1.959
1605 2.699
1606 0.216
1607 0.967
1608 1.77
1609 0.402
1610 1.699
1611 0.607
1612 0.724
1613 1.149
1614 1.092
1615 2.398
1616 2.398
1617 1.658
1618 1.745
1619 2.046
1620 0.542
1621 0.374
1622 0.633
1623 0.599
1624 1.161
1625 1.602
1626 2.523
1627 0.801
1628 0.876
1629 2.523
1630 0.991
1631 3.0
1632 1.018
1633 1.469
1634 1.301
1635 1.62
1636 1.678
1637 1.42
1638 2.699
1639 0.471
1640 2.222
1641 1.699
1642 1.77
1643 0.644
1644 0.963
1645 1.824
1646 1.097
1647 0.424
1648 0.478
1649 0.799
1650 0.684
1651 1.337
1652 0.666
1653 0.979
1654 1.337
1655 1.208
1656 3.0
1657 1.699
1658 0.267
1659 0.346
1660 1.538
1661 0.757
1662 1.553
1663 0.996
1664 2.699
1665 1.456
1666 1.444
1667 1.432
1668 1.921
1669 0.59
1670 2.222
1671 0.801
1672 1.222
1673 3.0
1674 1.051
1675 0
1676 1.509
1677 1.509
1678 2.222
1679 1.854
1680 1.357
1681 0.556
1682 1.076
1683 0.547
1684 0.635
1685 1.42
1686 1.658
1687 1.699
1688 3.0
1689 2.699
1690 2.155
1691 2.155
1692 1.174
1693 1.796
1694 1.509
1695 1.523
1696 1.523
1697 3.0
1698 0.488
1699 0.726
1700 3.0
1701 2.523
1702 3.0
1703 0.807
1704 2.699
1705 0.094
1706 2.398
1707 2.398
1708 0.987
1709 1.495
1710 1.699
1711 1.398
1712 1.921
1713 3.0
1714 0.886
1715 0.857
1716 1.62
1717 0.536
1718 0.967
1719 2.0
1720 2.155
1721 0.996
1722 2.398
1723 2.222
1724 3.0
1725 2.301
1726 0.959
1727 1.06
1728 2.699
1729 3.0
1730 0.726
1731 2.523
1732 2.523
1733 3.0
1734 3.0
1735 3.0
1736 1.553
1737 1.678
1738 0.277
1739 0.845
1740 2.523
1741 0.187
1742 2.523
1743 0
1744 0.256
1745 1.036
1746 2.523
1747 3.0
1748 2.097
1749 3.0
1750 2.155
1751 2.097
1752 3.0
1753 3.0
1754 2.046
1755 0.71
1756 0
1757 2.398
1758 1.131
1759 1.149
1760 0
1761 1.155
1762 2.699
1763 0.457
1764 0.062
1765 2.046
1766 2.523
1767 1.553
1768 2.046
1769 0.344
1770 2.097
1771 2.097
1772 2.699
1773 1.678
1774 2.699
1775 2.398
1776 3.0
1777 1.678
1778 2.699
1779 3.0
1780 0
1781 2.301
1782 2.699
1783 3.0
1784 0
1785 0
1786 3.0
1787 0.666
1788 1.244
1789 2.699
1790 0
1791 2.398
1792 1.959
1793 1.31
1794 1.092
1795 2.0
1796 1.131
1797 3.0
1798 2.155
1799 2.155
1800 1.921
1801 2.699
1802 2.222
1803 2.523
1804 0.545
1805 0.298
1806 1.886
1807 3.0
1808 1.004
1809 1.553
1810 1.161
1811 1.284
1812 1.77
1813 2.046
1814 2.699
1815 2.398
1816 2.699
1817 1.31
1818 3.0
1819 1.638
1820 0.664
1821 0
1822 3.0
1823 1.824
1824 2.097
1825 1.481
1826 1.174
1827 3.0
1828 2.222
1829 1.602
1830 3.0
1831 3.0
1832 0
1833 2.0
1834 3.0
1835 3.0
1836 1.538
1837 2.523
1838 2.523
1839 1.854
1840 2.523
1841 1.222
1842 1.201
1843 1.208
1844 1.268
1845 3.0
1846 1.678
1847 0.987
1848 3.0
1849 0.599
1850 3.0
1851 1.292
1852 3.0
1853 3.0
1854 3.0
1855 2.523
1856 1.602
1857 0.726
1858 1.066
1859 3.0
1860 2.699
1861 1.229
1862 2.699
1863 0
1864 3.0
1865 1.854
1866 0.807
1867 0.943
1868 1.538
1869 0.218
1870 0.75
1871 1.854
1872 2.523
1873 1.658
1874 3.0
1875 2.398
1876 1.77
1877 1.292
1878 1.959
1879 1.137
1880 0.559
1881 1.076
1882 1.721
1883 2.222
1884 0.399
1885 3.0
1886 3.0
1887 1.167
1888 1.481
1889 2.222
1890 1.854
1891 1.699
1892 3.0
1893 2.0
1894 1.194
1895 1.854
1896 0.06
1897 1.161
1898 3.0
1899 1.31
1900 1.62
1901 0.415
1902 1.658
1903 1.244
1904 0.886
1905 2.398
1906 2.699
1907 2.222
1908 3.0
1909 2.155
1910 0.479
1911 1.745
1912 2.699
1913 0.701
1914 1.569
1915 3.0
1916 2.398
1917 0.588
1918 1.523
1919 1.481
1920 2.155
1921 3.0
1922 3.0
1923 1.377
1924 1.678
1925 0
1926 1.42
1927 1.886
1928 3.0
1929 2.699
1930 1.854
1931 1.959
1932 0.382
1933 2.155
1934 0.469
1935 2.699
1936 0.538
1937 0.676
1938 2.301
1939 0
1940 2.398
1941 2.046
1942 1.137
1943 3.0
1944 1.886
1945 1.347
1946 0.545
1947 1.201
1948 1.824
1949 2.699
1950 1.77
1951 1.721
1952 0.839
1953 1.108
1954 1.056
1955 0.676
1956 1.167
1957 2.301
1958 1.745
1959 3.0
1960 1.398
1961 2.699
1962 2.097
1963 0.71
1964 1.409
1965 0.842
1966 2.699
1967 2.398
1968 3.0
1969 1.886
1970 2.699
1971 2.046
1972 1.066
1973 0.75
1974 1.301
1975 1.252
1976 2.046
1977 0
1978 2.097
1979 0.833
1980 1.347
1981 3.0
1982 2.699
1983 3.0
1984 3.0
1985 0.863
1986 1.721
1987 1.959
1988 3.0
1989 2.699
1990 1.432
1991 1.409
1992 1.409
1993 2.523
1994 1.77
1995 1.056
1996 2.155
1997 2.097
1998 1.004
1999 2.699
2000 3.0
2001 2.699
2002 0
2003 1.092
2004 2.301
2005 1.071
2006 0.45
2007 0.519
2008 1.174
2009 0.502
2010 0.602
2011 1.377
2012 1.409
2013 1.699
2014 3.0
2015 0.86
2016 2.155
2017 2.699
2018 2.301
2019 2.699
2020 2.523
2021 1.509
2022 1.553
2023 0.633
2024 3.0
2025 2.301
2026 1.097
2027 1.194
2028 2.046
2029 2.523
2030 0.917
2031 1.161
2032 0
2033 2.155
2034 1.222
2035 0.815
2036 3.0
2037 1.071
2038 2.398
2039 0
2040 3.0
2041 3.0
2042 1.824
2043 2.398
2044 0.635
2045 2.301
2046 0
2047 0
2048 1.824
2049 1.161
2050 1.377
2051 1.638
2052 2.398
2053 0.514
2054 0.807
2055 1.102
2056 1.409
2057 0
2058 3.0
2059 1.387
2060 0.462
2061 0.772
2062 0.592
2063 2.222
2064 2.222
2065 2.0
2066 1.301
2067 1.824
2068 0.693
2069 2.097
2070 1.638
2071 0.79
2072 2.523
2073 1.244
2074 2.301
2075 1.387
2076 1.77
2077 3.0
2078 3.0
2079 1.959
2080 3.0
2081 2.222
2082 2.699
2083 2.523
2084 2.523
2085 2.523
2086 3.0
2087 2.301
2088 2.523
2089 3.0
2090 1.367
2091 3.0
2092 0
2093 2.301
2094 1.328
2095 2.398
2096 0.049
2097 1.347
2098 0.478
2099 2.398
2100 3.0
2101 0.348
2102 0.928
2103 0.358
2104 1.444
2105 1.284
2106 0.903
2107 1.398
2108 1.027
2109 2.398
2110 1.886
2111 1.959
2112 1.284
2113 2.699
2114 3.0
2115 2.155
2116 1.509
2117 1.523
2118 3.0
2119 0
2120 1.658
2121 1.886
2122 2.222
2123 2.301
2124 0.219
2125 0.509
2126 2.523
2127 0.889
2128 0.609
2129 2.699
2130 2.523
2131 2.523
2132 3.0
2133 1.721
2134 2.222
2135 2.699
2136 1.481
2137 1.523
2138 1.229
2139 1.959
2140 2.301
2141 2.523
2142 2.523
2143 2.523
2144 1.854
2145 2.155
2146 2.699
2147 2.523
2148 0.214
2149 1.276
2150 1.638
2151 1.276
2152 2.699
2153 0.9
2154 0.886
2155 2.222
2156 2.523
2157 2.301
2158 2.097
2159 2.0
2160 1.569
2161 1.921
2162 1.174
2163 1.699
2164 1.824
2165 2.155
2166 1.201
2167 0.44
2168 0.747
2169 2.301
2170 1.602
2171 2.699
2172 3.0
2173 1.284
2174 1.444
2175 2.699
2176 2.523
2177 3.0
2178 2.523
2179 3.0
2180 1.921
2181 2.301
2182 2.0
2183 1.745
2184 2.699
2185 0.268
2186 1.854
2187 2.046
2188 2.097
2189 2.301
2190 1.284
2191 1.77
2192 1.585
2193 1.886
2194 2.222
2195 1.658
2196 0.539
2197 2.523
2198 1.018
2199 2.0
2200 1.796
2201 1.509
2202 3.0
2203 1.959
2204 1.721
2205 1.301
2206 1.854
2207 0.724
2208 0.907
2209 2.155
2210 0.951
2211 1.886
2212 0.383
2213 2.398
2214 2.699
2215 3.0
2216 2.046
2217 1.495
2218 1.276
2219 2.301
2220 0.425
2221 3.0
2222 1.161
2223 1.602
2224 2.222
2225 3.0
2226 1.131
2227 1.569
2228 1.824
2229 2.097
2230 1.658
2231 1.721
2232 1.201
2233 2.301
2234 1.854
2235 0.485
2236 1.824
2237 2.699
2238 0.121
2239 1.523
2240 1.796
2241 1.18
2242 1.187
2243 0.548
2244 1.284
2245 1.481
2246 1.921
2247 2.097
2248 1.009
2249 1.367
2250 2.301
2251 1.553
2252 2.155
2253 2.398
2254 2.398
2255 1.456
2256 3.0
2257 0
2258 1.959
2259 1.319
2260 0
2261 3.0
2262 3.0
2263 2.155
2264 3.0
2265 3.0
2266 3.0
2267 2.523
2268 2.699
2269 1.377
2270 0.451
2271 3.0
2272 3.0
2273 3.0
2274 1.796
2275 1.276
2276 2.046
2277 2.398
2278 3.0
2279 2.699
2280 2.699
2281 0
2282 2.523
2283 2.398
2284 2.699
2285 2.523
2286 1.347
2287 2.398
2288 2.097
2289 1.824
2290 1.854
2291 2.0
2292 2.222
2293 2.398
2294 3.0
2295 3.0
2296 1.538
2297 0.51
2298 3.0
2299 3.0
2300 1.26
2301 2.523
2302 0.623
2303 2.301
2304 2.155
2305 0.623
2306 2.301
2307 2.523
2308 2.523
2309 2.0
2310 2.097
2311 1.092
2312 1.585
2313 1.602
2314 0
2315 1.745
2316 0.745
2317 0
2318 2.699
2319 3.0
2320 2.155
2321 3.0
2322 1.357
2323 2.699
2324 0
2325 1.678
2326 0.963
2327 2.699
2328 0.943
2329 3.0
2330 2.155
2331 2.0
2332 2.699
2333 2.0
2334 2.222
2335 0.879
2336 2.699
2337 0.625
2338 2.523
2339 1.553
2340 3.0
2341 1.796
2342 1.658
2343 2.155
2344 0
2345 0.558
2346 1.721
2347 0.075
2348 0.507
2349 1.495
2350 0.461
2351 1.699
2352 0.091
2353 2.398
2354 1.886
2355 2.155
2356 3.0
2357 1.276
2358 3.0
2359 2.699
2360 0.264
2361 2.097
2362 2.523
2363 3.0
2364 1.409
2365 0.699
2366 1.824
2367 1.62
2368 0.186
2369 0.836
2370 3.0
2371 2.155
2372 1.959
2373 2.398
2374 1.092
2375 2.0
2376 2.0
2377 2.155
2378 1.538
2379 2.398
2380 0.656
2381 2.523
2382 1.796
2383 0.622
2384 1.041
2385 1.585
2386 1.796
2387 0.987
2388 1.377
2389 2.699
2390 3.0
2391 0.372
2392 0.777
2393 1.215
2394 1.824
2395 3.0
2396 1.357
2397 1.328
2398 2.523
2399 1.854
2400 0.896
2401 2.155
2402 1.796
2403 0.476
2404 1.347
2405 0.785
2406 1.62
2407 1.886
2408 1.959
2409 0.331
2410 0.772
2411 0.936
2412 2.699
2413 1.796
2414 2.155
2415 3.0
2416 0.623
2417 0.903
2418 1.569
2419 1.194
2420 2.0
2421 2.699
2422 1.481
2423 1.222
2424 2.398
2425 1.229
2426 1.237
2427 2.699
2428 3.0
2429 0.914
2430 2.222
2431 3.0
2432 0
2433 1.481
2434 2.046
2435 2.523
2436 1.208
2437 1.398
2438 2.155
2439 2.699
2440 1.009
2441 1.658
2442 2.097
2443 2.699
2444 1.824
2445 1.553
2446 1.509
2447 2.301
2448 1.77
2449 3.0
2450 0.326
2451 2.398
2452 1.886
2453 2.398
2454 2.699
2455 2.046
2456 0.971
2457 1.495
2458 1.538
2459 1.538
2460 1.854
2461 2.222
2462 2.398
2463 1.658
2464 0.767
2465 1.102
2466 2.523
2467 0.62
2468 0.783
2469 1.481
2470 1.119
2471 0.857
2472 3.0
2473 1.796
2474 1.678
2475 0.74
2476 0.848
2477 2.523
2478 1.432
2479 1.553
2480 1.284
2481 1.959
2482 1.367
2483 0
2484 2.222
2485 0.093
2486 1.854
2487 2.155
2488 1.131
2489 1.854
2490 1.469
2491 2.097
2492 1.444
2493 0.721
2494 0.893
2495 1.076
2496 1.796
2497 0.824
2498 1.066
2499 1.097
2500 1.377
2501 1.076
2502 2.699
2503 2.301
2504 1.036
2505 3.0
2506 1.658
2507 0.873
2508 2.398
2509 1.959
2510 1.745
2511 1.086
2512 1.721
2513 1.959
2514 0.554
2515 1.114
2516 0.483
2517 1.337
2518 0.81
2519 1.854
2520 2.523
2521 3.0
2522 0.487
2523 1.009
2524 0.535
2525 1.041
2526 2.523
2527 2.097
2528 0
2529 1.638
2530 2.155
2531 3.0
2532 1.086
2533 0.917
2534 1.886
2535 2.046
2536 1.319
2537 1.319
2538 1.699
2539 3.0
2540 2.0
2541 2.301
2542 3.0
2543 2.699
2544 1.538
2545 3.0
2546 3.0
2547 0.697
2548 1.31
2549 0.917
2550 2.301
2551 2.097
2552 1.337
2553 1.569
2554 1.268
2555 0.967
2556 1.237
2557 0.093
2558 2.155
2559 3.0
2560 2.301
2561 0.638
2562 2.523
2563 1.009
2564 3.0
2565 2.398
2566 2.155
2567 0
2568 1.022
2569 1.027
2570 2.301
2571 1.222
2572 0.65
2573 0.866
2574 0.36
2575 0.91
2576 1.081
2577 1.886
2578 1.509
2579 1.62
2580 1.444
2581 1.745
2582 1.004
2583 0.298
2584 1.638
2585 1.854
2586 1.959
2587 1.959
2588 2.523
2589 3.0
2590 1.276
2591 1.367
2592 3.0
2593 0.184
2594 1.658
2595 0.48
2596 1.444
2597 0.128
2598 2.699
2599 0.987
2600 0.556
2601 2.155
2602 2.097
2603 1.658
2604 1.585
2605 2.523
2606 1.854
2607 0.323
2608 0.686
2609 1.658
2610 1.569
2611 1.108
2612 1.097
2613 1.569
2614 2.097
2615 0.272
2616 0.569
2617 0.382
2618 0.983
2619 1.027
2620 1.638
2621 2.398
2622 0.44
2623 0.65
2624 2.0
2625 1.027
2626 1.367
2627 1.149
2628 2.699
2629 2.699
2630 3.0
2631 0.879
2632 0.893
2633 1.155
2634 1.886
2635 0.863
2636 0.959
2637 0.767
2638 2.0
2639 1.155
2640 0.396
2641 1.886
2642 1.18
2643 1.215
2644 2.523
2645 1.824
2646 0.559
2647 0.886
2648 0.928
2649 1.319
2650 0
2651 1.42
2652 1.721
2653 3.0
2654 0.767
2655 1.495
2656 1.027
2657 2.301
2658 3.0
2659 1.456
2660 1.284
2661 1.638
2662 1.036
2663 1.62
2664 2.301
2665 3.0
2666 1.056
2667 1.42
2668 0.642
2669 0.848
2670 1.357
2671 2.222
2672 1.481
2673 2.699
2674 1.569
2675 2.046
2676 1.456
2677 1.18
2678 1.284
2679 2.398
2680 1.602
2681 0.521
2682 0.924
2683 3.0
2684 0
2685 0.504
2686 0.686
2687 1.276
2688 1.215
2689 0.578
2690 1.699
2691 1.699
2692 2.523
2693 1.721
2694 2.0
2695 2.699
2696 0.68
2697 1.066
2698 1.125
2699 1.167
2700 1.432
2701 2.523
2702 0.818
2703 2.0
2704 3.0
2705 2.699
2706 1.229
2707 0.58
2708 3.0
2709 1.886
2710 2.301
2711 1.18
2712 1.208
2713 0.186
2714 0.815
2715 0.678
2716 1.046
2717 0.83
2718 1.886
2719 2.523
2720 0.299
2721 0.658
2722 3.0
2723 0.489
2724 0
2725 1.137
2726 0.666
2727 0.876
2728 0
2729 1.886
2730 2.699
2731 3.0
2732 0.488
2733 3.0
2734 1.699
2735 2.097
2736 0.9
2737 2.301
2738 2.398
2739 2.222
2740 1.854
2741 0.785
2742 1.699
2743 0.979
2744 2.523
2745 2.523
2746 3.0
2747 1.658
2748 3.0
2749 0.345
2750 1.824
2751 1.009
2752 1.387
2753 2.097
2754 1.658
2755 2.155
2756 3.0
2757 0
2758 1.921
2759 1.387
2760 2.523
2761 3.0
2762 0.461
2763 1.081
2764 0.745
2765 0.876
2766 0.886
2767 2.523
2768 0
2769 1.638
2770 3.0
2771 3.0
2772 0.754
2773 3.0
2774 2.398
2775 3.0
2776 1.284
2777 1.959
2778 2.523
2779 1.292
2780 2.155
2781 3.0
2782 0
2783 1.036
2784 3.0
2785 0.526
2786 0.64
2787 1.638
2788 2.398
2789 2.699
2790 0.921
2791 1.42
2792 2.699
2793 1.959
2794 0
2795 3.0
2796 2.046
2797 1.409
2798 0
2799 0.458
2800 1.678
2801 3.0
2802 0
2803 1.824
2804 2.699
2805 1.377
2806 2.523
2807 3.0
2808 2.301
2809 2.699
2810 2.301
2811 1.921
2812 0.754
2813 2.699
2814 1.409
2815 3.0
2816 1.62
2817 1.42
2818 1.553
2819 2.398
2820 2.097
2821 1.222
2822 3.0
2823 0.239
2824 2.699
2825 0.752
2826 1.745
2827 2.155
2828 0.488
2829 0.733
2830 0.857
2831 0.79
2832 0.342
2833 3.0
2834 0.524
2835 0.469
2836 2.523
2837 2.523
2838 1.602
2839 2.398
2840 1.921
2841 0.914
2842 1.367
2843 2.699
2844 3.0
2845 3.0
2846 0.388
2847 1.62
2848 0.356
2849 3.0
2850 1.638
2851 1.585
2852 1.921
2853 0
2854 2.155
2855 3.0
2856 3.0
2857 0.424
2858 1.678
2859 0.595
2860 0.66
2861 0.73
2862 1.745
2863 2.155
2864 3.0
2865 2.301
2866 2.046
2867 2.301
2868 2.097
2869 1.602
2870 3.0
2871 2.523
2872 0
2873 2.398
2874 1.658
2875 1.77
2876 2.301
2877 2.699
2878 3.0
2879 2.046
2880 1.886
2881 3.0
2882 1.824
2883 0
2884 2.523
2885 2.699
2886 1.538
2887 2.523
2888 1.699
2889 1.62
2890 2.398
2891 3.0
2892 1.796
2893 2.301
2894 1.77
2895 1.26
2896 2.523
2897 1.921
2898 2.398
2899 3.0
2900 2.301
2901 2.699
2902 0.951
2903 2.046
2904 2.699
2905 1.886
2906 1.347
2907 2.523
2908 0
2909 1.921
2910 1.319
2911 2.523
2912 2.0
2913 0.267
2914 0.385
2915 1.26
2916 3.0
2917 2.398
2918 2.523
2919 1.268
2920 3.0
2921 3.0
2922 2.699
2923 3.0
2924 3.0
2925 0.094
2926 2.398
2927 1.523
2928 1.721
2929 0.478
2930 2.222
2931 2.699
2932 2.398
2933 0.81
2934 2.046
2935 1.027
2936 2.222
2937 3.0
2938 1.569
2939 3.0
2940 0.609
2941 2.155
2942 3.0
2943 1.469
2944 2.0
2945 2.699
2946 1.432
2947 2.097
2948 1.854
2949 1.959
2950 1.745
2951 2.155
2952 2.222
2953 0
2954 3.0
2955 0.212
2956 0.963
2957 0.587
2958 0.599
2959 0.742
2960 2.301
2961 1.036
2962 0.701
2963 2.398
2964 0.893
2965 1.569
2966 1.174
2967 2.398
2968 1.721
2969 0.836
2970 0.818
2971 3.0
2972 2.699
2973 1.921
2974 2.699
2975 0.321
2976 0.983
2977 2.0
2978 2.699
2979 2.699
2980 0.524
2981 1.409
2982 2.301
2983 1.26
2984 1.745
2985 2.301
2986 2.155
2987 2.523
2988 0.604
2989 1.721
2990 1.268
2991 1.699
2992 1.824
2993 2.699
2994 1.523
2995 2.699
2996 3.0
2997 1.638
2998 0.983
2999 3.0
3000 1.678
3001 0.686
3002 1.119
3003 1.149
3004 3.0
3005 1.721
3006 3.0
3007 1.921
3008 3.0
3009 2.222
3010 2.0
3011 2.398
3012 1.495
3013 1.796
3014 0.726
3015 0
3016 2.523
3017 1.268
3018 1.721
3019 2.155
3020 2.046
3021 2.699
3022 3.0
3023 2.523
3024 1.602
3025 0.914
3026 0.69
3027 2.097
3028 1.553
3029 3.0
3030 2.398
3031 1.921
3032 1.921
3033 1.523
3034 3.0
3035 1.357
3036 2.398
3037 0
3038 1.921
3039 0.333
3040 0
3041 3.0
3042 2.222
3043 0.406
3044 0.449
3045 0.629
3046 1.509
3047 0.6
3048 0.712
3049 0.712
3050 1.959
3051 2.301
3052 0
3053 0.444
3054 3.0
3055 0.625
3056 1.921
3057 0.863
3058 0.959
3059 3.0
3060 1.301
3061 0.804
3062 0.971
3063 3.0
3064 2.398
3065 0
3066 2.523
3067 3.0
3068 0
3069 2.699
3070 2.097
3071 3.0
3072 3.0
3073 3.0
3074 2.523
3075 1.721
3076 3.0
3077 1.658
3078 2.523
3079 2.699
3080 1.824
3081 2.523
3082 0
3083 2.398
3084 2.222
3085 2.699
3086 3.0
3087 1.523
3088 2.699
3089 3.0
3090 3.0
3091 0.573
3092 2.301
3093 1.31
3094 1.699
3095 0
3096 1.108
3097 2.155
3098 3.0
3099 1.796
3100 0.203
3101 0.213
3102 0.959
3103 1.244
3104 1.538
3105 1.886
3106 3.0
3107 3.0
3108 2.301
3109 2.398
3110 2.699
3111 3.0
3112 2.398
3113 2.699
3114 1.553
3115 1.051
3116 3.0
3117 1.481
3118 2.523
3119 0.484
3120 3.0
3121 1.824
3122 3.0
3123 0
3124 0
3125 2.699
3126 1.469
3127 1.921
3128 1.62
3129 0
3130 0.277
3131 0.313
3132 1.959
3133 2.699
3134 2.097
3135 3.0
3136 1.602
3137 1.469
3138 0
3139 2.0
3140 2.301
3141 2.398
3142 3.0
3143 1.638
3144 1.921
3145 2.046
3146 3.0
3147 2.523
3148 3.0
3149 3.0
3150 0.144
3151 1.481
3152 2.155
3153 2.155
3154 1.456
3155 1.886
3156 3.0
3157 2.301
3158 0.638
3159 2.699
3160 2.523
3161 3.0
3162 1.824
3163 0.359
3164 0.394
3165 1.187
3166 1.523
3167 2.0
3168 1.481
3169 2.0
3170 1.268
3171 1.796
3172 1.886
3173 1.469
3174 2.097
3175 2.398
3176 3.0
3177 1.824
3178 2.301
3179 0
3180 1.62
3181 2.699
3182 0
3183 2.699
3184 2.699
3185 3.0
3186 2.699
3187 0.31
3188 2.699
3189 2.699
3190 0.6
3191 1.42
3192 2.222
3193 2.398
3194 1.602
3195 2.398
3196 1.022
3197 2.398
3198 2.523
3199 2.155
3200 1.523
3201 3.0
3202 3.0
3203 0.824
3204 1.237
3205 1.745
3206 2.046
3207 0.939
3208 1.678
3209 3.0
3210 3.0
3211 2.523
3212 2.222
3213 1.523
3214 0
3215 1.469
3216 1.469
3217 3.0
3218 1.959
3219 0
3220 2.398
3221 2.523
3222 2.398
3223 2.699
3224 1.149
3225 3.0
3226 0
3227 0.284
3228 2.301
3229 2.699
3230 0.963
3231 1.252
3232 2.523
3233 1.638
3234 1.699
3235 3.0
3236 1.602
3237 0
3238 0.893
3239 1.959
3240 0.818
3241 1.62
3242 2.222
3243 2.046
3244 3.0
3245 1.959
3246 1.31
3247 0.959
3248 1.119
3249 0
3250 2.699
3251 0.646
3252 3.0
3253 0.767
3254 0
3255 0
3256 1.387
3257 3.0
3258 2.523
3259 2.301
3260 2.097
3261 2.699
3262 2.699
3263 3.0
3264 0
3265 2.046
3266 2.699
3267 3.0
3268 0.081
3269 0.955
3270 1.469
3271 2.155
3272 3.0
3273 1.237
3274 3.0
3275 1.244
3276 2.523
3277 1.018
3278 0.6
3279 3.0
3280 1.921
3281 1.602
3282 0.442
3283 3.0
3284 1.921
3285 0.154
3286 1.796
3287 3.0
3288 0
3289 0.991
3290 3.0
3291 2.301
3292 1.585
3293 0
3294 2.0
3295 1.398
3296 0.281
3297 3.0
3298 2.222
3299 3.0
3300 2.301
3301 0.893
3302 3.0
3303 3.0
3304 1.77
3305 1.745
3306 2.699
3307 2.523
3308 2.699
3309 2.699
3310 2.0
3311 2.155
3312 2.222
3313 0.569
3314 1.237
3315 2.523
3316 2.301
3317 2.046
3318 0.967
3319 2.155
3320 2.222
3321 1.854
3322 1.62
3323 1.77
3324 0.785
3325 2.097
3326 1.013
3327 1.638
3328 3.0
3329 0.975
3330 2.699
3331 1.658
3332 1.456
3333 2.699
3334 0
3335 1.495
3336 3.0
3337 2.222
3338 1.444
3339 1.77
3340 0.745
3341 2.301
3342 0.364
3343 1.678
3344 1.886
3345 0.979
3346 1.921
3347 2.222
3348 1.745
3349 0
3350 2.398
3351 0.886
3352 0.991
3353 3.0
3354 1.638
3355 0.076
3356 0.642
3357 0
3358 2.699
3359 3.0
3360 1.678
3361 2.699
3362 1.0
3363 1.022
3364 0
3365 1.886
3366 0.041
3367 0.246
3368 2.699
3369 0.04
3370 1.921
3371 1.237
3372 3.0
3373 2.0
3374 2.699
3375 3.0
3376 2.523
3377 3.0
3378 1.31
3379 2.398
3380 2.523
3381 2.301
3382 2.222
3383 1.481
3384 1.357
3385 2.155
3386 3.0
3387 1.432
3388 1.854
3389 2.301
3390 1.553
3391 3.0
3392 2.523
3393 2.699
3394 1.538
3395 3.0
3396 2.699
3397 0.879
3398 2.699
3399 1.638
3400 1.886
3401 1.276
3402 0.476
3403 1.699
3404 0
3405 0.086
3406 3.0
3407 2.699
3408 0.084
3409 0.27
3410 0.341
3411 1.009
3412 0.697
3413 1.114
3414 1.114
3415 1.959
3416 1.538
3417 1.77
3418 3.0
3419 0.273
3420 3.0
3421 2.097
3422 2.046
3423 0.072
3424 2.398
3425 0
3426 1.959
3427 1.745
3428 1.432
3429 0.094
3430 0
3431 0.951
3432 1.097
3433 2.046
3434 2.523
3435 0.854
3436 1.155
3437 1.77
3438 0
3439 3.0
3440 3.0
3441 2.398
3442 1.602
3443 0.762
3444 3.0
3445 1.538
3446 3.0
3447 2.097
3448 0.652
3449 1.357
3450 0.587
3451 2.222
3452 1.495
3453 1.523
3454 1.959
3455 1.051
3456 0.971
3457 2.398
3458 1.824
3459 2.699
3460 3.0
3461 3.0
3462 3.0
3463 3.0
3464 0.342
3465 0.951
3466 0.66
3467 2.523
3468 1.824
3469 2.398
3470 1.337
3471 0.79
3472 3.0
3473 0
3474 3.0
3475 2.699
3476 3.0
3477 1.051
3478 1.347
3479 2.699
3480 1.62
3481 0
3482 2.046
3483 2.301
3484 1.26
3485 2.398
3486 1.796
3487 2.097
3488 0
3489 2.097
3490 2.699
3491 1.921
3492 2.222
3493 0.991
3494 1.409
3495 2.222
3496 2.699
3497 2.699
3498 2.046
3499 0.662
3500 1.602
3501 0.333
3502 1.959
3503 1.066
3504 0.602
3505 3.0
3506 1.77
3507 3.0
3508 1.328
3509 2.301
3510 0.136
3511 0.171
3512 1.62
3513 1.018
3514 1.092
3515 2.155
3516 0.724
3517 2.523
3518 1.77
3519 3.0
3520 3.0
3521 0
3522 1.0
3523 3.0
3524 2.523
3525 2.699
3526 1.959
3527 3.0
3528 2.699
3529 0
3530 3.0
3531 3.0
3532 1.585
3533 1.215
3534 0.281
3535 3.0
3536 2.523
3537 2.398
3538 1.886
3539 2.398
3540 2.699
3541 2.155
3542 3.0
3543 3.0
3544 1.854
3545 3.0
3546 3.0
3547 1.056
3548 2.222
3549 1.131
3550 3.0
3551 1.18
3552 0.067
3553 2.523
3554 1.721
3555 1.237
3556 1.638
3557 0.967
3558 1.26
3559 1.284
3560 1.201
3561 3.0
3562 1.745
3563 2.523
3564 2.523
3565 0.071
3566 0.08
3567 0.943
3568 0.2
3569 0.622
3570 1.796
3571 2.699
3572 1.161
3573 2.0
3574 1.678
3575 1.678
3576 1.432
3577 1.678
3578 1.377
3579 3.0
3580 0.693
3581 0.836
3582 2.301
3583 2.097
3584 1.721
3585 1.108
3586 1.638
3587 1.319
3588 1.585
3589 2.523
3590 2.222
3591 1.056
3592 2.699
3593 2.699
3594 3.0
3595 1.194
3596 0.836
3597 1.036
3598 1.06
3599 1.481
3600 0.836
3601 0.491
3602 0.854
3603 0.622
3604 1.469
3605 0.742
3606 1.328
3607 2.699
3608 3.0
3609 2.222
3610 2.523
3611 0.967
3612 1.143
3613 2.398
3614 2.699
3615 0.622
3616 1.066
3617 1.699
3618 1.377
3619 0.208
3620 2.398
3621 0.91
3622 0.073
3623 2.046
3624 0.943
3625 2.046
3626 1.886
3627 1.495
3628 0.625
3629 3.0
3630 0.526
3631 0.416
3632 0.996
3633 0.967
3634 1.076
3635 2.523
3636 1.081
3637 1.252
3638 1.347
3639 1.854
3640 2.301
3641 0
3642 1.678
3643 2.523
3644 1.114
3645 2.301
3646 2.523
3647 0.857
3648 3.0
3649 1.292
3650 0.654
3651 2.097
3652 0.564
3653 0.777
3654 1.469
3655 1.886
3656 2.699
3657 1.06
3658 2.155
3659 3.0
3660 1.229
3661 3.0
3662 0.717
3663 3.0
3664 1.108
3665 1.292
3666 1.149
3667 2.699
3668 1.398
3669 2.301
3670 3.0
3671 1.824
3672 1.721
3673 0
3674 2.523
3675 2.222
3676 2.699
3677 1.013
3678 1.959
3679 0
3680 2.523
3681 1.215
3682 3.0
3683 2.046
3684 3.0
3685 1.208
3686 1.0
3687 1.745
3688 2.523
3689 0.451
3690 2.222
3691 0.611
3692 1.409
3693 1.921
3694 1.602
3695 2.523
3696 1.367
3697 1.854
3698 1.041
3699 1.469
3700 2.301
3701 2.0
3702 0.593
3703 0.672
3704 0.812
3705 0.77
3706 1.638
3707 2.046
3708 0.959
3709 1.036
3710 1.481
3711 1.886
3712 1.921
3713 1.194
3714 1.032
3715 2.523
3716 2.523
3717 2.699
3718 1.796
3719 1.921
3720 0.839
3721 2.301
3722 2.523
3723 2.301
3724 1.102
3725 1.208
3726 1.959
3727 1.284
3728 1.31
3729 3.0
3730 0.759
3731 1.229
3732 0.939
3733 2.155
3734 1.456
3735 1.215
3736 1.678
3737 0.81
3738 0.545
3739 2.523
3740 0.631
3741 2.699
3742 0.767
3743 1.638
3744 0.664
3745 0.833
3746 0.9
3747 0
3748 3.0
3749 0.975
3750 3.0
3751 1.959
3752 1.301
3753 1.31
3754 1.796
3755 1.796
3756 2.398
3757 1.229
3758 2.222
3759 2.301
3760 1.409
3761 1.886
3762 2.699
3763 0.635
3764 1.638
3765 2.301
3766 2.155
3767 0.606
3768 0.71
3769 0.173
3770 1.824
3771 1.959
3772 1.481
3773 2.398
3774 2.699
3775 0.5
3776 1.215
3777 1.409
3778 0.535
3779 0.959
3780 1.174
3781 2.301
3782 2.155
3783 3.0
3784 3.0
3785 0.842
3786 1.523
3787 0.921
3788 0.921
3789 1.959
3790 2.222
3791 2.523
3792 2.699
3793 3.0
3794 0.642
3795 0.735
3796 1.77
3797 1.585
3798 1.602
3799 2.699
3800 2.097
3801 2.301
3802 1.149
3803 1.699
3804 2.699
3805 1.62
3806 1.569
3807 0.889
3808 0.975
3809 1.398
3810 2.699
3811 3.0
3812 2.699
3813 2.301
3814 1.137
3815 2.155
3816 1.495
3817 3.0
3818 1.62
3819 1.77
3820 3.0
3821 0.415
3822 1.167
3823 0.582
3824 1.77
3825 1.208
3826 1.886
3827 0
3828 2.155
3829 1.337
3830 0.499
3831 0.562
3832 1.097
3833 2.699
3834 1.585
3835 1.167
3836 0
3837 2.398
3838 0
3839 1.149
3840 0.106
3841 0.112
3842 3.0
3843 1.222
3844 2.0
3845 2.0
3846 1.523
3847 0.243
3848 3.0
3849 0.074
3850 2.523
3851 1.056
3852 0.284
3853 2.398
3854 1.553
3855 2.222
3856 0.947
3857 1.046
3858 1.854
3859 3.0
3860 1.357
3861 2.523
3862 2.699
3863 3.0
3864 2.046
3865 1.481
3866 1.004
3867 1.745
3868 3.0
3869 2.046
3870 0
3871 3.0
3872 3.0
3873 2.523
3874 2.155
3875 2.155
3876 2.523
3877 2.699
3878 1.569
3879 2.699
3880 0
3881 3.0
3882 0.583
3883 1.886
3884 0.821
3885 0
3886 1.538
3887 2.699
3888 1.921
3889 1.658
3890 0.854
3891 0.065
3892 0.131
3893 0.538
3894 3.0
3895 3.0
3896 2.523
3897 1.959
3898 0.975
3899 2.523
3900 1.495
3901 3.0
3902 0.046
3903 1.071
3904 1.62
3905 2.523
3906 1.009
3907 0.046
3908 0.044
3909 0.924
3910 2.301
3911 1.284
3912 1.367
3913 2.398
3914 2.301
3915 2.301
3916 1.208
3917 1.745
3918 0.627
3919 1.921
3920 2.699
3921 1.921
3922 3.0
3923 2.222
3924 2.699
3925 2.097
3926 3.0
3927 0.68
3928 1.959
3929 1.377
3930 1.638
3931 3.0
3932 2.699
3933 2.097
3934 2.222
3935 1.495
3936 1.745
3937 2.523
3938 0.975
3939 2.155
3940 1.432
3941 1.745
3942 0.851
3943 0.221
3944 1.538
3945 3.0
3946 2.523
3947 1.699
3948 2.523
3949 2.222
3950 0
3951 2.046
3952 3.0
3953 2.523
3954 1.854
3955 3.0
3956 0.451
3957 0.724
3958 0.664
3959 0.257
3960 1.77
3961 0
3962 0.754
3963 1.481
3964 3.0
3965 2.155
3966 0.703
3967 1.678
3968 2.523
3969 2.398
3970 1.237
3971 1.959
3972 2.523
3973 0
3974 2.301
3975 2.222
3976 0.535
3977 2.0
3978 1.921
3979 2.0
3980 2.699
3981 3.0
3982 0.866
3983 0.873
3984 2.699
3985 0.883
3986 2.523
3987 2.523
3988 0.606
3989 1.721
3990 0.991
3991 2.046
3992 2.0
3993 0
3994 0.498
3995 2.699
3996 0.067
3997 2.523
3998 2.699
3999 0.493
4000 1.469
4001 3.0
4002 1.086
4003 0.764
4004 1.921
4005 2.046
4006 1.301
4007 3.0
4008 2.046
4009 0.369
4010 1.921
4011 2.097
4012 2.523
4013 0
4014 1.319
4015 0.514
4016 1.886
4017 3.0
4018 2.699
4019 2.097
4020 0.493
4021 1.377
4022 1.854
4023 0.783
4024 2.699
4025 1.319
4026 2.0
4027 1.046
4028 2.523
4029 2.699
4030 0.089
4031 2.699
4032 1.886
4033 2.301
4034 0.818
4035 2.222
4036 0.231
4037 0
4038 0.759
4039 0.991
4040 2.398
4041 2.523
4042 2.699
4043 0.635
4044 0.134
4045 1.796
4046 0.255
4047 3.0
4048 0.785
4049 1.18
4050 3.0
4051 1.027
4052 0.917
4053 1.854
4054 0.783
4055 1.071
4056 0
4057 1.276
4058 0.836
4059 1.658
4060 2.398
4061 3.0
4062 0.26
4063 2.301
4064 1.42
4065 2.0
4066 2.301
4067 0.323
4068 1.638
4069 0.648
4070 0
4071 0.361
4072 0.777
4073 1.824
4074 3.0
4075 1.959
4076 0.863
4077 2.046
4078 2.699
4079 0.569
4080 1.347
4081 0.936
4082 2.523
4083 2.222
4084 1.222
4085 0.896
4086 0.371
4087 0.178
4088 0.48
4089 2.699
4090 3.0
4091 2.0
4092 2.699
4093 3.0
4094 1.658
4095 1.569
4096 0.453
4097 2.155
4098 2.699
4099 1.495
4100 1.31
4101 3.0
4102 0.398
4103 1.638
4104 0.917
4105 1.119
4106 2.523
4107 2.301
4108 1.456
4109 3.0
4110 0.503
4111 0.903
4112 0.638
4113 3.0
4114 2.523
4115 0.354
4116 2.699
4117 2.398
4118 2.398
4119 1.0
4120 2.398
4121 0.866
4122 1.102
4123 1.585
4124 3.0
4125 0.553
4126 2.398
4127 3.0
4128 1.149
4129 1.886
4130 2.222
4131 2.097
4132 2.523
4133 1.125
4134 0.592
4135 1.678
4136 0.81
4137 1.824
4138 1.131
4139 1.377
4140 3.0
4141 1.31
4142 2.523
4143 3.0
4144 0.66
4145 0.939
4146 1.149
4147 0.967
4148 3.0
4149 3.0
4150 2.046
4151 2.523
4152 2.523
4153 0.654
4154 2.523
4155 3.0
4156 1.102
4157 1.143
4158 3.0
4159 0.253
4160 0
4161 1.131
4162 2.699
4163 2.699
4164 0.686
4165 2.523
4166 2.097
4167 1.62
4168 3.0
4169 3.0
4170 1.585
4171 0.545
4172 1.62
4173 0.824
4174 0.939
4175 0.917
4176 0
4177 1.432
4178 1.638
4179 0
4180 2.097
4181 1.678
4182 0
4183 2.398
4184 0.13
4185 1.0
4186 1.62
4187 1.824
4188 1.959
4189 2.398
4190 1.481
4191 1.721
4192 1.886
4193 2.699
4194 3.0
4195 2.398
4196 3.0
4197 3.0
4198 1.721
4199 2.523
4200 1.201
4201 3.0
4202 0.063
4203 2.699
4204 2.222
4205 2.097
4206 2.523
4207 2.398
4208 2.398
4209 2.699
4210 1.509
4211 3.0
4212 1.377
4213 2.699
4214 3.0
4215 3.0
4216 2.699
4217 1.959
4218 2.398
4219 2.301
4220 1.022
4221 3.0
4222 0.188
4223 1.161
4224 1.745
4225 2.301
4226 0.356
4227 1.229
4228 1.585
4229 0.777
4230 0
4231 1.009
4232 0.391
4233 1.357
4234 3.0
4235 2.699
4236 0.567
4237 1.237
4238 3.0
4239 2.155
4240 0.42
4241 0.83
4242 2.398
4243 3.0
4244 0.1
4245 0.666
4246 0.939
4247 1.051
4248 1.26
4249 0.775
4250 2.155
4251 2.398
4252 2.523
4253 2.523
4254 3.0
4255 0.979
4256 2.699
4257 1.959
4258 1.699
4259 1.854
4260 2.523
4261 0.402
4262 2.699
4263 2.699
4264 1.569
4265 1.268
4266 1.854
4267 1.523
4268 3.0
4269 0.635
4270 2.523
4271 1.921
4272 3.0
4273 2.699
4274 0.879
4275 1.444
4276 2.301
4277 1.921
4278 2.699
4279 0.562
4280 1.62
4281 2.699
4282 1.041
4283 1.824
4284 0
4285 3.0
4286 1.921
4287 1.143
4288 1.292
4289 1.469
4290 2.097
4291 1.77
4292 1.854
4293 1.678
4294 2.301
4295 2.222
4296 3.0
4297 0
4298 2.222
4299 2.222
4300 1.149
4301 1.367
4302 1.222
4303 2.398
4304 1.77
4305 1.469
4306 3.0
4307 0.337
4308 0.475
4309 0.496
4310 3.0
4311 1.469
4312 2.523
4313 1.886
4314 2.0
4315 0.234
4316 3.0
4317 3.0
4318 3.0
4319 1.004
4320 1.092
4321 1.125
4322 2.155
4323 0
4324 2.523
4325 2.097
4326 0.081
4327 2.699
4328 1.921
4329 2.301
4330 0.361
4331 0.688
4332 1.469
4333 1.796
4334 0.793
4335 1.367
4336 1.051
4337 0.889
4338 2.222
4339 1.854
4340 3.0
4341 3.0
4342 1.432
4343 1.523
4344 1.036
4345 2.699
4346 0.593
4347 1.62
4348 3.0
4349 0.699
4350 0.762
4351 3.0
4352 1.495
4353 1.585
4354 3.0
4355 2.0
4356 0.668
4357 0.917
4358 2.699
4359 0
4360 2.398
4361 3.0
4362 0.456
4363 1.77
4364 1.276
4365 2.097
4366 2.523
4367 2.699
4368 0.514
4369 1.357
4370 0.308
4371 1.469
4372 0
4373 2.155
4374 2.0
4375 0.509
4376 0.635
4377 2.0
4378 0.476
4379 2.523
4380 3.0
4381 1.066
4382 1.638
4383 1.886
4384 2.523
4385 3.0
4386 0.947
4387 0.979
4388 1.745
4389 1.678
4390 1.921
4391 2.398
4392 1.602
4393 0
4394 3.0
4395 2.046
4396 2.301
4397 3.0
4398 2.398
4399 0.851
4400 2.155
4401 1.854
4402 2.523
4403 2.301
4404 1.357
4405 2.097
4406 2.699
4407 0.714
4408 2.699
4409 2.301
4410 3.0
4411 0.947
4412 2.523
4413 0.134
4414 0
4415 0.595
4416 1.62
4417 2.301
4418 0.281
4419 0
4420 1.237
4421 1.62
4422 1.056
4423 2.398
4424 1.824
4425 1.102
4426 0.38
4427 0.714
4428 0.824
4429 1.009
4430 1.638
4431 1.921
4432 1.143
4433 3.0
4434 3.0
4435 0
4436 2.222
4437 0.914
4438 3.0
4439 3.0
4440 1.215
4441 1.31
4442 2.523
4443 2.155
4444 1.658
4445 1.553
4446 2.699
4447 1.699
4448 1.721
4449 2.523
4450 3.0
4451 1.284
4452 1.523
4453 0.138
4454 0.939
4455 0
4456 0.833
4457 0.253
4458 0
4459 1.131
4460 1.569
4461 0
4462 3.0
4463 2.301
4464 1.886
4465 2.222
4466 1.398
4467 1.509
4468 2.222
4469 0
4470 1.398
4471 1.959
4472 0.777
4473 1.42
4474 2.301
4475 1.319
4476 2.398
4477 3.0
4478 1.357
4479 2.523
4480 1.102
4481 2.523
4482 0
4483 2.699
4484 3.0
4485 0
4486 2.523
4487 3.0
4488 1.119
4489 1.143
4490 2.398
4491 2.222
4492 0.83
4493 1.31
4494 0
4495 2.699
4496 2.699
4497 2.699
4498 0.474
4499 1.469
4500 2.523
4501 0.504
4502 1.585
4503 1.215
4504 3.0
4505 2.523
4506 2.523
4507 0.733
4508 0.963
4509 3.0
4510 1.658
4511 1.585
4512 0
4513 2.222
4514 3.0
4515 1.553
4516 2.398
4517 3.0
4518 0.73
4519 1.409
4520 2.155
4521 1.131
4522 0
4523 0
4524 0.863
4525 1.638
4526 2.097
4527 0.762
4528 0.848
4529 1.222
4530 2.222
4531 2.699
4532 2.398
4533 2.398
4534 0.355
4535 2.0
4536 2.699
4537 0
4538 1.959
4539 0.578
4540 1.409
4541 2.523
4542 2.699
4543 2.301
4544 0.535
4545 1.041
4546 2.222
4547 0.103
4548 2.097
4549 2.699
4550 1.602
4551 2.699
4552 1.495
4553 3.0
4554 1.481
4555 1.569
4556 2.699
4557 0.873
4558 3.0
4559 1.06
4560 1.31
4561 1.252
4562 0.955
4563 2.699
4564 0.747
4565 2.699
4566 1.658
4567 3.0
4568 2.398
4569 3.0
4570 2.523
4571 2.398
4572 3.0
4573 0
4574 0
4575 0.39
4576 1.022
4577 0
4578 3.0
4579 0
4580 3.0
4581 1.208
4582 0.848
4583 2.301
4584 2.523
4585 0
4586 2.523
4587 1.721
4588 3.0
4589 2.699
4590 0.24
4591 3.0
4592 2.398
4593 1.959
4594 3.0
4595 1.252
4596 2.097
4597 2.398
4598 1.886
4599 2.699
4600 2.155
4601 2.222
4602 0.331
4603 1.602
4604 1.26
4605 2.699
4606 2.699
4607 2.523
4608 0.951
4609 3.0
4610 2.699
4611 2.398
4612 0.241
4613 0.573
4614 3.0
4615 2.699
4616 0.987
4617 0.836
4618 1.854
4619 0.435
4620 1.721
4621 2.398
4622 2.0
4623 3.0
4624 2.046
4625 1.62
4626 0.939
4627 1.658
4628 2.155
4629 2.097
4630 1.854
4631 1.585
4632 0.955
4633 0.455
4634 1.252
4635 1.387
4636 0.471
4637 1.167
4638 1.161
4639 1.602
4640 1.678
4641 1.62
4642 2.398
4643 3.0
4644 1.284
4645 1.699
4646 1.886
4647 2.398
4648 0.509
4649 2.523
4650 1.638
4651 0.212
4652 2.155
4653 3.0
4654 0.959
4655 0.597
4656 1.62
4657 3.0
4658 1.62
4659 0.535
4660 1.187
4661 0.827
4662 1.481
4663 1.06
4664 1.215
4665 0
4666 0.523
4667 1.921
4668 3.0
4669 1.009
4670 2.699
4671 1.056
4672 2.097
4673 2.699
4674 2.222
4675 0.668
4676 2.398
4677 1.796
4678 0.073
4679 3.0
4680 1.678
4681 1.444
4682 2.398
4683 1.268
4684 1.367
4685 1.62
4686 0.559
4687 0.924
4688 0.924
4689 2.699
4690 2.523
4691 1.824
4692 1.347
4693 0.382
4694 0.79
4695 0.939
4696 1.252
4697 1.301
4698 0
4699 1.569
4700 2.046
4701 2.523
4702 1.959
4703 2.523
4704 0.085
4705 0.336
4706 0
4707 0.599
4708 0.319
4709 1.42
4710 2.097
4711 2.523
4712 1.959
4713 0.429
4714 1.62
4715 2.155
4716 0.517
4717 1.328
4718 2.523
4719 2.046
4720 1.022
4721 0
4722 3.0
4723 0
4724 2.301
4725 0.493
4726 0.742
4727 1.027
4728 2.523
4729 0.788
4730 1.638
4731 1.125
4732 3.0
4733 0
4734 0.684
4735 0.475
4736 2.523
4737 2.699
4738 2.0
4739 1.409
4740 0.6
4741 0.801
4742 1.004
4743 0.721
4744 0.721
4745 1.959
4746 2.046
4747 1.301
4748 1.495
4749 0.595
4750 2.155
4751 2.699
4752 1.125
4753 1.921
4754 2.699
4755 3.0
4756 3.0
4757 2.699
4758 0.1
4759 0.141
4760 0.876
4761 1.046
4762 2.222
4763 1.886
4764 0.851
4765 1.678
4766 0.219
4767 0.29
4768 0.606
4769 2.222
4770 2.155
4771 2.523
4772 1.18
4773 0.917
4774 0.413
4775 1.252
4776 0
4777 0.863
4778 0.26
4779 2.699
4780 0.278
4781 0
4782 1.745
4783 0.928
4784 2.699
4785 1.62
4786 2.523
4787 1.658
4788 1.886
4789 1.328
4790 0.068
4791 0.264
4792 0.089
4793 0
4794 2.046
4795 1.569
4796 3.0
4797 2.301
4798 1.523
4799 2.699
4800 3.0
4801 1.42
4802 1.268
4803 0.504
4804 1.229
4805 2.0
4806 0.582
4807 0.951
4808 1.201
4809 0.742
4810 1.553
4811 0.595
4812 2.097
4813 1.854
4814 0.752
4815 0.951
4816 1.0
4817 1.456
4818 1.854
4819 1.62
4820 0.524
4821 2.398
4822 3.0
4823 3.0
4824 2.523
4825 0.917
4826 0.068
4827 0.79
4828 1.959
4829 2.699
4830 1.745
4831 2.523
4832 1.523
4833 2.523
4834 0.095
4835 0.752
4836 0.86
4837 1.959
4838 2.222
4839 0.979
4840 2.398
4841 1.585
4842 1.678
4843 3.0
4844 1.602
4845 3.0
4846 2.301
4847 0.488
4848 0.509
4849 1.167
4850 1.921
4851 2.398
4852 0.108
4853 0.281
4854 0.377
4855 0.31
4856 0.082
4857 0.399
4858 0
4859 1.824
4860 0.165
4861 2.398
4862 3.0
4863 3.0
4864 1.208
4865 0
4866 2.046
4867 2.222
4868 2.699
4869 2.699
4870 3.0
4871 0
4872 2.699
4873 2.523
4874 1.699
4875 1.824
4876 2.222
4877 2.222
4878 2.523
4879 1.658
4880 0
4881 1.056
4882 0.907
4883 2.523
4884 3.0
4885 3.0
4886 1.284
4887 1.284
4888 0
4889 2.699
4890 2.046
4891 1.387
4892 0.156
4893 1.26
4894 2.097
4895 2.398
4896 1.77
4897 2.222
4898 0
4899 3.0
4900 2.301
4901 2.097
4902 2.699
4903 3.0
4904 1.886
4905 1.301
4906 3.0
4907 3.0
4908 2.097
4909 2.699
4910 3.0
4911 2.155
4912 2.699
4913 2.699
4914 0.664
4915 1.796
4916 1.959
4917 2.398
4918 1.62
4919 2.301
4920 2.398
4921 0.924
4922 2.699
4923 3.0
4924 2.301
4925 2.523
4926 1.602
4927 1.77
4928 1.347
4929 1.409
4930 0.104
4931 0.312
4932 0.78
4933 1.201
4934 1.456
4935 2.046
4936 1.041
4937 1.222
4938 1.538
4939 1.886
4940 0.759
4941 1.276
4942 1.658
4943 1.796
4944 0
4945 2.398
4946 1.337
4947 2.523
4948 0.047
4949 2.699
4950 1.721
4951 0
4952 3.0
4953 2.097
4954 2.398
4955 2.523
4956 2.699
4957 0.435
4958 2.398
4959 3.0
4960 2.699
4961 1.77
4962 3.0
4963 2.398
4964 1.31
4965 0.807
4966 1.569
4967 2.155
4968 2.301
4969 3.0
4970 0.699
4971 3.0
4972 1.432
4973 1.569
4974 1.602
4975 2.699
4976 2.398
4977 1.678
4978 2.699
4979 1.921
4980 0.573
4981 2.523
4982 3.0
4983 3.0
4984 1.328
4985 2.0
4986 3.0
4987 0.928
4988 1.658
4989 3.0
4990 2.398
4991 3.0
4992 2.699
4993 0.131
4994 1.027
4995 1.347
4996 1.854
4997 1.187
4998 1.337
4999 2.398
5000 0.433
5001 0.623
5002 2.097
5003 1.046
5004 1.444
5005 1.824
5006 0.561
5007 1.796
5008 0.075
5009 1.18
5010 1.585
5011 2.301
5012 0.783
5013 1.678
5014 0
5015 1.77
5016 3.0
5017 3.0
5018 0.87
5019 0
5020 3.0
5021 2.699
5022 0.431
5023 1.252
5024 1.161
5025 1.161
5026 2.699
5027 2.699
5028 1.721
5029 2.699
5030 3.0
5031 2.301
5032 2.155
5033 1.886
5034 1.585
5035 1.602
5036 2.398
5037 2.699
5038 3.0
5039 0.561
5040 1.432
5041 3.0
5042 0.622
5043 0
5044 1.194
5045 1.678
5046 0.932
5047 2.699
5048 2.222
5049 3.0
5050 0.959
5051 2.097
5052 2.523
5053 2.301
5054 3.0
5055 1.796
5056 3.0
5057 0.143
5058 0.567
5059 0.845
5060 3.0
5061 3.0
5062 0.599
5063 2.523
5064 2.699
5065 3.0
5066 2.523
5067 1.051
5068 0.714
5069 2.699
5070 0.09
5071 1.469
5072 1.553
5073 1.229
5074 1.699
5075 1.495
5076 1.509
5077 1.854
5078 1.658
5079 2.046
5080 0.646
5081 0.893
5082 0
5083 1.125
5084 1.959
5085 3.0
5086 0.397
5087 2.222
5088 0.996
5089 0.924
5090 0.81
5091 2.398
5092 1.699
5093 0.215
5094 0.762
5095 0.77
5096 2.097
5097 1.208
5098 1.337
5099 1.187
5100 0.896
5101 0.759
5102 2.699
5103 2.699
5104 2.699
5105 0.154
5106 3.0
5107 1.959
5108 0.181
5109 0.184
5110 1.495
5111 1.638
5112 0
5113 1.469
5114 3.0
5115 1.481
5116 1.585
5117 2.398
5118 1.921
5119 0
5120 1.131
5121 2.699
5122 1.31
5123 1.602
5124 2.699
5125 0
5126 2.301
5127 1.081
5128 1.092
5129 1.119
5130 1.699
5131 2.222
5132 2.523
5133 0
5134 1.432
5135 2.301
5136 2.398
5137 1.409
5138 0.652
5139 0.896
5140 0
5141 2.398
5142 1.886
5143 2.097
5144 1.585
5145 1.921
5146 3.0
5147 0
5148 2.097
5149 0.333
5150 2.398
5151 1.149
5152 0.595
5153 3.0
5154 2.301
5155 3.0
5156 1.62
5157 1.208
5158 0.416
5159 2.222
5160 0
5161 1.495
5162 0
5163 0.243
5164 1.721
5165 0.261
5166 0.638
5167 1.131
5168 0.588
5169 1.456
5170 2.699
5171 2.222
5172 2.699
5173 1.301
5174 1.252
5175 3.0
5176 2.0
5177 0.939
5178 3.0
5179 2.222
5180 0
5181 3.0
5182 0.873
5183 2.155
5184 2.155
5185 0
5186 2.046
5187 0.465
5188 0.77
5189 2.155
5190 0.886
5191 2.398
5192 1.022
5193 1.155
5194 1.678
5195 1.678
5196 2.699
5197 1.796
5198 3.0
5199 1.638
5200 2.097
5201 1.387
5202 2.699
5203 3.0
5204 3.0
5205 1.959
5206 2.222
5207 2.523
5208 3.0
5209 1.42
5210 3.0
5211 3.0
5212 3.0
5213 1.721
5214 2.699
5215 2.398
5216 0
5217 2.699
5218 0
5219 0.27
5220 3.0
5221 2.523
5222 1.638
5223 2.222
5224 2.155
5225 0.406
5226 2.398
5227 0.793
5228 0.932
5229 0.975
5230 1.027
5231 2.301
5232 1.745
5233 3.0
5234 2.699
5235 1.77
5236 1.509
5237 2.699
5238 3.0
5239 2.046
5240 3.0
5241 0.097
5242 1.357
5243 1.638
5244 1.26
5245 2.699
5246 0
5247 1.268
5248 3.0
5249 1.77
5250 3.0
5251 1.538
5252 3.0
5253 0
5254 3.0
5255 0.07
5256 2.523
5257 3.0
5258 1.469
5259 2.222
5260 0.668
5261 0
5262 1.854
5263 0.224
5264 0.281
5265 0.354
5266 1.0
5267 0.604
5268 0.75
5269 2.398
5270 0.947
5271 0.631
5272 1.119
5273 0.474
5274 1.959
5275 1.699
5276 2.301
5277 2.301
5278 1.469
5279 0.611
5280 3.0
5281 3.0
5282 1.167
5283 1.187
5284 1.886
5285 3.0
5286 1.041
5287 2.046
5288 1.796
5289 2.398
5290 0.429
5291 1.62
5292 2.398
5293 1.201
5294 1.509
5295 0.74
5296 1.721
5297 1.187
5298 0.686
5299 1.041
5300 2.523
5301 3.0
5302 2.699
5303 3.0
5304 2.0
5305 1.222
5306 1.699
5307 1.137
5308 1.167
5309 1.585
5310 2.046
5311 2.398
5312 1.276
5313 2.0
5314 0
5315 1.745
5316 1.921
5317 2.046
5318 3.0
5319 0.73
5320 1.523
5321 2.523
5322 2.523
5323 2.699
5324 1.208
5325 1.208
5326 1.959
5327 0.917
5328 1.602
5329 2.523
5330 1.409
5331 0.788
5332 0.845
5333 2.222
5334 3.0
5335 3.0
5336 3.0
5337 1.796
5338 1.796
5339 0.717
5340 0.047
5341 0.879
5342 1.208
5343 2.523
5344 2.046
5345 0.866
5346 1.77
5347 0.378
5348 0
5349 1.456
5350 1.585
5351 2.398
5352 1.387
5353 2.523
5354 0.839
5355 0.807
5356 1.42
5357 3.0
5358 0.682
5359 1.18
5360 1.051
5361 2.699
5362 2.097
5363 3.0
5364 0.967
5365 1.036
5366 0.928
5367 3.0
5368 0.983
5369 0.432
5370 1.174
5371 2.155
5372 0.68
5373 1.678
5374 2.699
5375 0.567
5376 1.523
5377 2.301
5378 0.674
5379 1.854
5380 1.092
5381 2.046
5382 0.077
5383 1.444
5384 1.745
5385 1.137
5386 1.268
5387 0.463
5388 0.315
5389 0.5
5390 1.569
5391 0
5392 1.538
5393 2.699
5394 0.312
5395 2.155
5396 0.921
5397 1.071
5398 2.097
5399 2.523
5400 0.932
5401 1.004
5402 1.125
5403 1.62
5404 2.699
5405 1.569
5406 1.194
5407 1.854
5408 2.155
5409 3.0
5410 1.301
5411 3.0
5412 0.921
5413 1.77
5414 0.866
5415 1.076
5416 2.097
5417 1.538
5418 1.602
5419 0.983
5420 1.77
5421 0.903
5422 1.086
5423 1.102
5424 1.046
5425 3.0
5426 2.523
5427 2.398
5428 0.796
5429 2.398
5430 2.523
5431 0.376
5432 0.896
5433 0.593
5434 1.602
5435 1.208
5436 1.357
5437 0.928
5438 1.018
5439 1.678
5440 0.453
5441 1.62
5442 2.155
5443 0.423
5444 0.495
5445 0.633
5446 1.292
5447 1.77
5448 0
5449 0.627
5450 0.788
5451 1.77
5452 2.699
5453 3.0
5454 1.745
5455 2.699
5456 1.77
5457 2.097
5458 2.046
5459 0.103
5460 1.77
5461 2.301
5462 0.281
5463 0.361
5464 1.699
5465 0.627
5466 0.351
5467 1.027
5468 2.0
5469 1.229
5470 3.0
5471 2.699
5472 2.222
5473 0
5474 2.699
5475 2.097
5476 0.363
5477 1.377
5478 1.796
5479 1.959
5480 0.959
5481 2.0
5482 3.0
5483 2.097
5484 3.0
5485 2.222
5486 1.921
5487 2.699
5488 3.0
5489 0.74
5490 0.883
5491 3.0
5492 0.893
5493 1.161
5494 3.0
5495 0.785
5496 0.345
5497 3.0
5498 2.301
5499 0.66
5500 1.268
5501 1.481
5502 1.131
5503 1.796
5504 3.0
5505 2.699
5506 0.293
5507 3.0
5508 3.0
5509 2.398
5510 1.244
5511 1.276
5512 1.086
5513 1.051
5514 1.0
5515 2.398
5516 0.928
5517 1.357
5518 1.201
5519 1.824
5520 1.167
5521 0
5522 1.444
5523 1.745
5524 2.0
5525 2.398
5526 0.238
5527 0.302
5528 2.155
5529 2.301
5530 1.469
5531 2.523
5532 3.0
5533 1.921
5534 2.699
5535 1.921
5536 2.699
5537 2.523
5538 2.699
5539 0.442
5540 0.821
5541 3.0
5542 2.301
5543 1.456
5544 1.013
5545 1.959
5546 0
5547 1.377
5548 1.886
5549 1.036
5550 2.523
5551 3.0
5552 1.409
5553 2.301
5554 3.0
5555 2.097
5556 1.824
5557 3.0
5558 2.699
5559 0
5560 1.143
5561 1.208
5562 0.821
5563 0.959
5564 1.292
5565 1.187
5566 2.398
5567 2.398
5568 1.377
5569 0
5570 0.593
5571 3.0
5572 0.47
5573 0.646
5574 0.733
5575 2.222
5576 2.155
5577 1.022
5578 2.301
5579 1.854
5580 0.719
5581 1.398
5582 1.102
5583 1.585
5584 1.77
5585 1.921
5586 2.155
5587 2.699
5588 3.0
5589 1.444
5590 2.0
5591 2.523
5592 2.523
5593 1.092
5594 1.032
5595 0.114
5596 2.699
5597 0.223
5598 0.562
5599 0.79
5600 0.152
5601 0.158
5602 0.987
5603 3.0
5604 3.0
5605 1.131
5606 2.523
5607 0.401
5608 2.523
5609 3.0
5610 0.073
5611 0.611
5612 1.585
5613 1.824
5614 0.196
5615 1.959
5616 1.469
5617 0.701
5618 2.699
5619 0.348
5620 1.456
5621 3.0
5622 0.583
5623 3.0
5624 1.638
5625 1.638
5626 1.62
5627 1.398
5628 1.509
5629 1.553
5630 2.699
5631 2.097
5632 0.921
5633 1.602
5634 0.206
5635 0.618
5636 0
5637 1.959
5638 3.0
5639 3.0
5640 2.523
5641 0
5642 3.0
5643 2.398
5644 3.0
5645 1.086
5646 1.108
5647 1.658
5648 2.398
5649 0.824
5650 0.492
5651 2.301
5652 0.928
5653 1.215
5654 1.745
5655 2.155
5656 3.0
5657 3.0
5658 3.0
5659 2.699
5660 2.398
5661 1.77
5662 1.886
5663 1.658
5664 2.699
5665 1.292
5666 0.821
5667 2.155
5668 0.842
5669 1.013
5670 0.917
5671 2.699
5672 3.0
5673 1.292
5674 1.921
5675 0.149
5676 0.836
5677 1.959
5678 3.0
5679 0.485
5680 0.635
5681 1.268
5682 2.398
5683 0.609
5684 2.523
5685 1.699
5686 0.086
5687 1.824
5688 2.301
5689 3.0
5690 2.699
5691 1.18
5692 0.848
5693 1.201
5694 2.222
5695 0.703
5696 2.699
5697 1.854
5698 1.921
5699 2.699
5700 3.0
5701 0.206
5702 0.349
5703 2.699
5704 2.699
5705 2.155
5706 0.73
5707 1.658
5708 3.0
5709 3.0
5710 1.268
5711 1.42
5712 2.523
5713 3.0
5714 2.699
5715 1.745
5716 2.301
5717 1.367
5718 0.724
5719 2.523
5720 0.231
5721 0.426
5722 1.328
5723 1.328
5724 2.523
5725 1.013
5726 1.244
5727 0.5
5728 0.793
5729 2.699
5730 1.347
5731 0.664
5732 1.569
5733 0.955
5734 0.879
5735 1.174
5736 1.215
5737 1.509
5738 1.585
5739 2.046
5740 2.699
5741 0
5742 0.947
5743 1.62
5744 3.0
5745 2.222
5746 0.804
5747 1.959
5748 0.627
5749 0.842
5750 0.697
5751 1.174
5752 1.167
5753 1.886
5754 3.0
5755 1.469
5756 2.699
5757 0.668
5758 2.398
5759 0.361
5760 1.824
5761 1.237
5762 3.0
5763 2.222
5764 0.719
5765 1.585
5766 1.62
5767 1.328
5768 1.721
5769 1.509
5770 3.0
5771 1.523
5772 1.77
5773 0.37
5774 0.386
5775 0.793
5776 0.932
5777 1.229
5778 2.0
5779 3.0
5780 3.0
5781 1.409
5782 1.538
5783 2.0
5784 1.553
5785 0.963
5786 2.523
5787 2.699
5788 1.602
5789 2.699
5790 1.131
5791 0.928
5792 3.0
5793 0.588
5794 1.678
5795 1.699
5796 0.229
5797 1.721
5798 0
5799 1.432
5800 3.0
5801 3.0
5802 2.155
5803 1.658
5804 1.678
5805 1.119
5806 0.836
5807 1.167
5808 1.456
5809 1.886
5810 1.244
5811 1.959
5812 2.301
5813 3.0
5814 2.046
5815 0.955
5816 0.068
5817 1.638
5818 2.097
5819 0.115
5820 2.046
5821 0.532
5822 0.932
5823 0.893
5824 2.523
5825 2.155
5826 3.0
5827 0.452
5828 2.398
5829 0.609
5830 2.398
5831 0
5832 1.523
5833 1.481
5834 0.642
5835 0.27
5836 0.349
5837 0.642
5838 1.745
5839 1.444
5840 1.268
5841 2.398
5842 3.0
5843 0.048
5844 1.284
5845 0.851
5846 0
5847 2.301
5848 2.155
5849 2.523
5850 1.469
5851 0.662
5852 1.215
5853 1.585
5854 3.0
5855 1.066
5856 1.824
5857 3.0
5858 1.086
5859 0.932
5860 0.971
5861 2.398
5862 1.108
5863 0.292
5864 0.652
5865 0.096
5866 0.103
5867 0.842
5868 0.907
5869 0.851
5870 0.228
5871 0
5872 1.796
5873 2.398
5874 0.979
5875 0.967
5876 1.244
5877 0.74
5878 0.996
5879 2.155
5880 0.403
5881 1.013
5882 2.155
5883 2.222
5884 2.699
5885 0.943
5886 2.398
5887 2.155
5888 1.229
5889 2.398
5890 2.222
5891 1.071
5892 1.18
5893 1.26
5894 3.0
5895 1.77
5896 0
5897 2.222
5898 2.699
5899 1.658
5900 1.149
5901 2.398
5902 3.0
5903 1.167
5904 0.588
5905 2.523
5906 0.801
5907 2.523
5908 2.523
5909 0.71
5910 3.0
5911 0.921
5912 1.119
5913 1.398
5914 0.757
5915 0.812
5916 1.495
5917 3.0
5918 2.097
5919 2.699
5920 1.602
5921 2.523
5922 2.523
5923 0
5924 0
5925 0.293
5926 0
5927 0.979
5928 1.284
5929 3.0
5930 2.301
5931 0.524
5932 1.678
5933 2.398
5934 1.114
5935 1.569
5936 1.143
5937 2.398
5938 1.854
5939 1.585
5940 0.267
5941 1.824
5942 1.638
5943 1.167
5944 0.153
5945 0.545
5946 0.047
5947 1.886
5948 0.807
5949 0
5950 2.699
5951 0.407
5952 1.06
5953 1.102
5954 3.0
5955 1.796
5956 1.268
5957 1.585
5958 1.387
5959 0
5960 0.59
5961 0.684
5962 2.523
5963 1.77
5964 1.796
5965 3.0
5966 2.097
5967 1.678
5968 2.523
5969 0.274
5970 3.0
5971 0.724
5972 0.812
5973 1.569
5974 1.357
5975 1.921
5976 2.699
5977 3.0
5978 0.772
5979 3.0
5980 1.051
5981 1.292
5982 0.354
5983 0.376
5984 0.376
5985 3.0
5986 3.0
5987 3.0
5988 2.523
5989 3.0
5990 2.699
5991 0.421
5992 1.444
5993 0.262
5994 3.0
5995 1.409
5996 1.377
5997 2.301
5998 0.629
5999 3.0
6000 1.745
6001 1.796
6002 1.553
6003 2.046
6004 2.699
6005 0.618
6006 1.31
6007 3.0
6008 0.373
6009 1.959
6010 1.553
6011 3.0
6012 0.889
6013 0
6014 3.0
6015 3.0
6016 1.886
6017 1.149
6018 3.0
6019 3.0
6020 1.538
6021 1.398
6022 2.699
6023 1.959
6024 1.481
6025 1.959
6026 1.102
6027 3.0
6028 2.0
6029 1.553
6030 1.824
6031 2.046
6032 0.526
6033 3.0
6034 2.523
6035 2.699
6036 2.301
6037 3.0
6038 2.523
6039 3.0
6040 0.567
6041 1.051
6042 1.252
6043 2.155
6044 3.0
6045 1.167
6046 2.155
6047 2.699
6048 1.523
6049 0.208
6050 0.627
6051 2.398
6052 0
6053 1.187
6054 3.0
6055 3.0
6056 1.538
6057 1.42
6058 1.398
6059 0.582
6060 2.699
6061 1.215
6062 0
6063 1.509
6064 1.921
6065 3.0
6066 1.114
6067 2.699
6068 1.854
6069 1.854
6070 2.0
6071 3.0
6072 1.585
6073 1.387
6074 1.036
6075 0.936
6076 3.0
6077 3.0
6078 2.699
6079 0
6080 2.046
6081 3.0
6082 2.0
6083 0.836
6084 1.066
6085 2.398
6086 0.86
6087 1.367
6088 3.0
6089 0.785
6090 1.076
6091 2.699
6092 1.31
6093 1.678
6094 2.523
6095 2.301
6096 0.975
6097 2.155
6098 2.699
6099 3.0
6100 2.222
6101 2.222
6102 0
6103 2.301
6104 1.42
6105 1.071
6106 3.0
6107 1.569
6108 0.857
6109 2.699
6110 0.799
6111 3.0
6112 1.638
6113 2.222
6114 1.161
6115 3.0
6116 1.071
6117 1.658
6118 2.301
6119 1.387
6120 0.733
6121 1.086
6122 3.0
6123 3.0
6124 2.699
6125 2.523
6126 2.097
6127 3.0
6128 2.699
6129 0
6130 1.796
6131 1.921
6132 0
6133 0.485
6134 0.924
6135 0.928
6136 3.0
6137 0
6138 0.627
6139 1.26
6140 0
6141 3.0
6142 3.0
6143 0.936
6144 1.959
6145 1.201
6146 0.471
6147 1.398
6148 0.463
6149 1.18
6150 0.491
6151 1.886
6152 0.167
6153 1.155
6154 2.301
6155 0.697
6156 0.893
6157 3.0
6158 0.202
6159 1.921
6160 0.428
6161 0.554
6162 1.237
6163 1.824
6164 0
6165 1.137
6166 3.0
6167 1.886
6168 1.013
6169 1.469
6170 1.215
6171 0.932
6172 0
6173 2.699
6174 3.0
6175 0.996
6176 1.569
6177 1.027
6178 2.699
6179 1.62
6180 1.041
6181 2.523
6182 0.79
6183 2.155
6184 0.951
6185 1.602
6186 2.222
6187 0.551
6188 1.824
6189 3.0
6190 0.578
6191 1.602
6192 2.523
6193 3.0
6194 2.046
6195 0.53
6196 0.28
6197 3.0
6198 2.523
6199 3.0
6200 1.42
6201 2.523
6202 1.377
6203 0.668
6204 1.102
6205 2.699
6206 2.301
6207 0.907
6208 0.329
6209 2.222
6210 0.489
6211 0
6212 0.821
6213 0.488
6214 0.291
6215 2.301
6216 0.903
6217 0.456
6218 1.046
6219 3.0
6220 1.62
6221 0.804
6222 1.678
6223 2.523
6224 1.959
6225 0.833
6226 0.936
6227 1.387
6228 2.046
6229 2.699
6230 2.046
6231 1.013
6232 1.921
6233 3.0
6234 2.523
6235 0
6236 2.155
6237 2.523
6238 2.398
6239 1.398
6240 1.347
6241 0
6242 0.833
6243 3.0
6244 1.149
6245 1.337
6246 2.0
6247 1.678
6248 0.197
6249 3.0
6250 2.155
6251 3.0
6252 0
6253 2.699
6254 1.155
6255 0.921
6256 1.495
6257 1.745
6258 1.921
6259 1.387
6260 1.921
6261 1.009
6262 0
6263 1.638
6264 3.0
6265 1.886
6266 3.0
6267 0.184
6268 2.523
6269 3.0
6270 3.0
6271 0.295
6272 2.398
6273 3.0
6274 1.585
6275 1.276
6276 0.71
6277 0.712
6278 2.699
6279 1.699
6280 1.721
6281 0
6282 3.0
6283 1.959
6284 1.0
6285 3.0
6286 0
6287 0.66
6288 3.0
6289 2.222
6290 2.523
6291 2.699
6292 3.0
6293 1.921
6294 2.398
6295 2.222
6296 2.699
6297 3.0
6298 1.377
6299 1.824
6300 1.959
6301 2.523
6302 1.092
6303 2.699
6304 1.959
6305 0
6306 2.046
6307 0.562
6308 0
6309 1.699
6310 2.222
6311 2.301
6312 1.959
6313 2.301
6314 1.456
6315 0
6316 0.893
6317 2.222
6318 1.658
6319 1.699
6320 2.097
6321 0
6322 0.336
6323 3.0
6324 0.708
6325 3.0
6326 3.0
6327 2.699
6328 3.0
6329 3.0
6330 0
6331 1.252
6332 2.523
6333 1.854
6334 3.0
6335 0
6336 3.0
6337 1.824
6338 3.0
6339 3.0
6340 3.0
6341 1.796
6342 2.046
6343 1.699
6344 3.0
6345 0.102
6346 3.0
6347 3.0
6348 1.387
6349 2.699
6350 3.0
6351 0
6352 0.996
6353 0.996
6354 0.374
6355 1.854
6356 1.119
6357 2.699
6358 1.143
6359 0.996
6360 1.569
6361 0
6362 1.602
6363 1.201
6364 2.301
6365 0
6366 3.0
6367 2.222
6368 0.451
6369 1.854
6370 0.688
6371 0.996
6372 3.0
6373 3.0
6374 3.0
6375 0.873
6376 1.347
6377 0.11
6378 0.399
6379 0.169
6380 0
6381 0.652
6382 1.796
6383 2.222
6384 3.0
6385 3.0
6386 2.222
6387 0.622
6388 1.585
6389 1.174
6390 0.168
6391 0.485
6392 0.582
6393 1.252
6394 1.854
6395 2.222
6396 0.983
6397 2.398
6398 3.0
6399 1.959
6400 1.097
6401 1.444
6402 2.0
6403 1.357
6404 2.523
6405 3.0
6406 3.0
6407 2.097
6408 2.398
6409 2.301
6410 2.523
6411 0.105
6412 2.699
6413 3.0
6414 2.523
6415 2.699
6416 1.301
6417 2.046
6418 1.854
6419 2.699
6420 2.097
6421 2.398
6422 2.699
6423 2.222
6424 2.699
6425 1.523
6426 1.959
6427 1.886
6428 1.538
6429 2.301
6430 2.301
6431 2.699
6432 2.222
6433 2.398
6434 1.658
6435 2.699
6436 3.0
6437 2.398
6438 3.0
6439 0
6440 3.0
6441 2.097
6442 1.174
6443 2.046
6444 3.0
6445 2.398
6446 3.0
6447 3.0
6448 3.0
6449 0
6450 0
6451 3.0
6452 3.0
6453 1.745
6454 2.398
6455 1.469
6456 2.699
6457 0
6458 2.523
6459 1.678
6460 3.0
6461 3.0
6462 3.0
6463 3.0
6464 3.0
6465 2.301
6466 3.0
6467 0.073
6468 0
6469 3.0
6470 2.155
6471 3.0
6472 0
6473 0
6474 1.108
6475 2.699
6476 2.398
6477 0.857
6478 0
6479 0
6480 0.907
6481 1.292
6482 2.155
6483 0
6484 0
6485 2.523
6486 1.886
6487 0
6488 2.699
6489 3.0
6490 2.155
6491 0.777
6492 1.252
6493 1.509
6494 1.569
6495 2.155
6496 1.032
6497 0.936
6498 0.804
6499 1.959
6500 3.0
6501 3.0
6502 0.618
6503 2.155
6504 0
6505 1.824
6506 1.409
6507 2.301
6508 1.076
6509 1.26
6510 1.377
6511 1.208
6512 1.886
6513 0.084
6514 2.398
6515 0.917
6516 1.699
6517 3.0
6518 2.155
6519 2.155
6520 2.398
6521 2.523
6522 2.398
6523 0.842
6524 0.575
6525 0.575
6526 1.745
6527 1.18
6528 0
6529 0.78
6530 1.284
6531 2.699
6532 1.721
6533 0
6534 2.699
6535 2.699
6536 2.523
6537 1.432
6538 1.721
6539 3.0
6540 1.108
6541 2.699
6542 3.0
6543 0.996
6544 2.222
6545 3.0
6546 2.699
6547 3.0
6548 0.947
6549 1.77
6550 2.097
6551 2.699
6552 0.467
6553 2.0
6554 1.538
6555 0
6556 1.796
6557 0.406
6558 0.495
6559 0.676
6560 1.155
6561 2.155
6562 3.0
6563 0
6564 1.854
6565 2.222
6566 2.097
6567 1.481
6568 0
6569 1.444
6570 3.0
6571 1.377
6572 1.032
6573 1.585
6574 1.244
6575 1.328
6576 3.0
6577 3.0
6578 2.699
6579 2.097
6580 1.509
6581 3.0
6582 2.398
6583 3.0
6584 1.114
6585 0.914
6586 2.0
6587 0.483
6588 0.583
6589 2.699
6590 2.046
6591 2.046
6592 1.638
6593 1.886
6594 3.0
6595 1.886
6596 0
6597 3.0
6598 0
6599 1.056
6600 0
6601 2.699
6602 0.893
6603 0
6604 1.432
6605 3.0
6606 2.699
6607 2.398
6608 1.337
6609 2.398
6610 1.959
6611 2.699
6612 0
6613 2.699
6614 2.699
6615 2.222
6616 3.0
6617 3.0
6618 3.0
6619 0.921
6620 3.0
6621 3.0
6622 2.699
6623 1.921
6624 1.357
6625 0.36
6626 2.398
6627 3.0
6628 0.987
6629 3.0
6630 0.593
6631 2.097
6632 2.699
6633 0.57
6634 3.0
6635 2.097
6636 0.975
6637 2.301
6638 3.0
6639 1.149
6640 3.0
6641 1.387
6642 1.77
6643 0.182
6644 0.274
6645 0.799
6646 0.471
6647 3.0
6648 2.523
6649 0.752
6650 3.0
6651 2.222
6652 1.886
6653 0.851
6654 2.699
6655 1.553
6656 0.088
6657 0.358
6658 2.699
6659 2.046
6660 0.471
6661 1.921
6662 0
6663 3.0
6664 1.959
6665 1.796
6666 0.728
6667 0.79
6668 0
6669 0.863
6670 0.627
6671 2.398
6672 3.0
6673 3.0
6674 0
6675 2.301
6676 1.886
6677 2.046
6678 1.337
6679 2.699
6680 2.155
6681 2.523
6682 0.724
6683 2.155
6684 0.742
6685 0.495
6686 2.523
6687 1.481
6688 2.398
6689 2.523
6690 1.699
6691 3.0
6692 0
6693 1.959
6694 0.597
6695 0
6696 0
6697 3.0
6698 0.426
6699 3.0
6700 2.523
6701 2.398
6702 2.398
6703 2.699
6704 1.292
6705 3.0
6706 2.699
6707 2.222
6708 2.301
6709 1.071
6710 0.701
6711 3.0
6712 3.0
6713 0.896
6714 2.222
6715 1.824
6716 0.896
6717 2.222
6718 0.818
6719 0
6720 3.0
6721 1.229
6722 1.658
6723 0
6724 1.699
6725 2.523
6726 0.762
6727 2.523
6728 3.0
6729 2.523
6730 1.328
6731 1.602
6732 0
6733 3.0
6734 1.921
6735 1.77
6736 2.523
6737 2.0
6738 1.959
6739 0
6740 1.569
6741 1.409
6742 0.845
6743 1.328
6744 2.301
6745 1.222
6746 1.237
6747 2.398
6748 0.289
6749 2.523
6750 0.991
6751 0.893
6752 2.699
6753 3.0
6754 2.523
6755 1.387
6756 1.357
6757 1.456
6758 1.638
6759 2.222
6760 3.0
6761 2.097
6762 2.699
6763 0.91
6764 2.155
6765 2.301
6766 1.432
6767 2.398
6768 1.161
6769 1.131
6770 1.824
6771 0.772
6772 1.77
6773 2.523
6774 2.398
6775 1.538
6776 3.0
6777 3.0
6778 1.387
6779 2.222
6780 0
6781 0
6782 1.602
6783 0
6784 2.523
6785 3.0
6786 0.378
6787 2.155
6788 0.631
6789 0.38
6790 2.097
6791 0
6792 2.155
6793 0.428
6794 2.699
6795 2.398
6796 1.456
6797 0.87
6798 2.398
6799 0.83
6800 1.252
6801 2.699
6802 2.155
6803 2.222
6804 0
6805 0
6806 1.886
6807 0.886
6808 0.682
6809 0.917
6810 1.086
6811 1.432
6812 1.638
6813 1.921
6814 1.328
6815 1.721
6816 2.699
6817 1.31
6818 1.721
6819 0.234
6820 0.387
6821 0.686
6822 1.367
6823 0.545
6824 2.523
6825 1.398
6826 0.697
6827 1.398
6828 1.796
6829 1.854
6830 0.636
6831 1.276
6832 1.796
6833 2.301
6834 2.699
6835 0.747
6836 1.921
6837 0.427
6838 3.0
6839 0.963
6840 1.119
6841 2.155
6842 1.886
6843 2.301
6844 1.18
6845 0.836
6846 1.086
6847 3.0
6848 3.0
6849 2.699
6850 2.398
6851 2.699
6852 0.572
6853 0
6854 1.131
6855 0.907
6856 0
6857 1.469
6858 1.585
6859 0.64
6860 2.699
6861 1.252
6862 1.921
6863 1.076
6864 0.397
6865 2.222
6866 2.097
6867 1.108
6868 1.174
6869 2.301
6870 1.337
6871 0.733
6872 3.0
6873 1.658
6874 0.34
6875 1.337
6876 2.0
6877 3.0
6878 1.42
6879 1.745
6880 2.301
6881 2.0
6882 2.301
6883 1.215
6884 1.357
6885 1.26
6886 1.367
6887 1.31
6888 1.495
6889 1.553
6890 2.097
6891 2.097
6892 1.276
6893 2.222
6894 1.921
6895 1.222
6896 3.0
6897 2.398
6898 1.125
6899 1.092
6900 1.244
6901 1.77
6902 0.613
6903 0.947
6904 2.301
6905 1.886
6906 0
6907 2.699
6908 2.699
6909 2.097
6910 2.301
6911 0
6912 2.222
6913 3.0
6914 1.77
6915 2.046
6916 2.097
6917 2.398
6918 2.699
6919 3.0
6920 0
6921 2.046
6922 2.699
6923 3.0
6924 2.0
6925 2.699
6926 1.824
6927 3.0
6928 0.279
6929 1.886
6930 2.398
6931 2.222
6932 3.0
6933 2.222
6934 2.097
6935 3.0
6936 1.721
6937 1.796
6938 2.699
6939 2.046
6940 0
6941 3.0
6942 0.735
6943 3.0
6944 0.544
6945 0
6946 3.0
6947 2.699
6948 1.959
6949 2.523
6950 2.097
6951 1.699
6952 0.447
6953 1.06
6954 2.097
6955 0.433
6956 2.155
6957 0.991
6958 0.173
6959 3.0
6960 0.237
6961 2.0
6962 3.0
6963 0.51
6964 2.398
6965 1.658
6966 2.222
6967 3.0
6968 1.538
6969 1.602
6970 0.62
6971 1.699
6972 2.523
6973 2.0
6974 2.699
6975 2.301
6976 1.276
6977 1.187
6978 2.301
6979 1.102
6980 1.886
6981 0.544
6982 2.222
6983 1.097
6984 2.398
6985 2.155
6986 3.0
6987 0.979
6988 1.523
6989 0.524
6990 1.337
6991 1.658
6992 1.553
6993 1.284
6994 0
6995 2.0
6996 0
6997 0.9
6998 0.921
6999 2.046
7000 1.745
7001 1.328
7002 0
7003 2.301
7004 1.398
7005 0.889
7006 2.301
7007 2.398
7008 2.699
7009 2.097
7010 0
7011 1.921
7012 1.481
7013 0
7014 3.0
7015 1.699
7016 2.523
7017 1.009
7018 0
7019 1.854
7020 2.222
7021 2.699
7022 0
7023 2.155
7024 1.071
7025 1.222
7026 0.616
7027 0.08
7028 1.432
7029 3.0
7030 0.165
7031 1.721
7032 1.119
7033 1.796
7034 2.523
7035 2.222
7036 2.699
7037 3.0
7038 1.721
7039 1.222
7040 0.189
7041 3.0
7042 2.046
7043 0.255
7044 0.328
7045 2.398
7046 2.699
7047 0
7048 0
7049 1.284
7050 1.004
7051 1.102
7052 1.602
7053 0.411
7054 2.222
7055 3.0
7056 1.638
7057 1.143
7058 1.066
7059 0.593
7060 2.301
7061 1.658
7062 0
7063 2.699
7064 1.276
7065 2.046
7066 1.921
7067 2.046
7068 1.638
7069 0.068
7070 2.699
7071 2.222
7072 1.921
7073 2.398
7074 1.409
7075 1.824
7076 0
7077 1.022
7078 2.523
7079 2.699
7080 0
7081 3.0
7082 2.222
7083 3.0
7084 1.585
7085 0
7086 3.0
7087 0.128
7088 2.398
7089 2.523
7090 0.793
7091 0.197
7092 0.197
7093 1.051
7094 0.53
7095 0.456
7096 1.009
7097 0.728
7098 1.301
7099 1.18
7100 2.523
7101 2.301
7102 2.398
7103 3.0
7104 0
7105 3.0
7106 2.097
7107 0.163
7108 0.441
7109 1.056
7110 3.0
7111 1.921
7112 0.777
7113 3.0
7114 2.0
7115 2.699
7116 2.301
7117 1.143
7118 1.745
7119 2.699
7120 1.229
7121 1.553
7122 3.0
7123 0.333
7124 1.276
7125 0
7126 0.979
7127 1.886
7128 1.456
7129 1.081
7130 1.387
7131 0.381
7132 2.699
7133 1.523
7134 2.097
7135 2.097
7136 2.301
7137 2.398
7138 0.857
7139 0.876
7140 3.0
7141 1.081
7142 2.155
7143 3.0
7144 1.387
7145 1.824
7146 1.569
7147 2.699
7148 0
7149 0.295
7150 2.0
7151 2.699
7152 0.547
7153 1.921
7154 3.0
7155 3.0
7156 2.222
7157 0.198
7158 3.0
7159 2.155
7160 3.0
7161 0
7162 1.092
7163 0.418
7164 2.0
7165 3.0
7166 0.2
7167 2.523
7168 0
7169 1.796
7170 2.155
7171 2.155
7172 2.398
7173 1.032
7174 0.629
7175 0.433
7176 1.18
7177 2.301
7178 0
7179 0.423
7180 0.078
7181 1.921
7182 0.804
7183 2.523
7184 0.701
7185 2.523
7186 2.398
7187 1.921
7188 2.222
7189 1.745
7190 0
7191 0
7192 1.602
7193 1.018
7194 2.699
7195 2.523
7196 0
7197 0.393
7198 1.387
7199 3.0
7200 3.0
7201 0.699
7202 2.301
7203 2.699
7204 2.155
7205 2.398
7206 3.0
7207 2.699
7208 2.398
7209 3.0
7210 2.699
7211 0.65
7212 3.0
7213 1.108
7214 0.983
7215 0
7216 2.301
7217 1.284
7218 2.155
7219 2.699
7220 3.0
7221 0.706
7222 0.728
7223 2.699
7224 2.0
7225 1.167
7226 2.699
7227 2.222
7228 2.155
7229 1.31
7230 3.0
7231 2.699
7232 1.638
7233 3.0
7234 0.44
7235 1.854
7236 1.409
7237 1.143
7238 2.523
7239 1.62
7240 1.409
7241 1.337
7242 1.523
7243 2.097
7244 1.432
7245 1.824
7246 2.155
7247 1.678
7248 2.398
7249 0.688
7250 0
7251 1.119
7252 2.097
7253 3.0
7254 1.921
7255 0.801
7256 0.824
7257 2.155
7258 2.0
7259 0.656
7260 0.68
7261 2.046
7262 1.658
7263 2.398
7264 1.585
7265 2.222
7266 2.301
7267 1.699
7268 2.097
7269 1.444
7270 1.638
7271 1.824
7272 1.658
7273 1.409
7274 0.777
7275 2.699
7276 1.174
7277 1.569
7278 3.0
7279 1.699
7280 3.0
7281 3.0
7282 1.796
7283 0.873
7284 1.161
7285 2.699
7286 1.481
7287 2.523
7288 2.222
7289 2.523
7290 0.544
7291 0.975
7292 1.959
7293 1.237
7294 2.097
7295 1.959
7296 1.602
7297 1.432
7298 1.921
7299 1.18
7300 2.699
7301 0.301
7302 3.0
7303 1.638
7304 1.854
7305 0
7306 0.733
7307 1.886
7308 1.602
7309 1.387
7310 3.0
7311 1.208
7312 1.187
7313 1.745
7314 1.678
7315 0
7316 3.0
7317 1.658
7318 2.398
7319 0.979
7320 1.569
7321 2.699
7322 2.523
7323 2.0
7324 2.523
7325 1.854
7326 2.523
7327 2.699
7328 3.0
7329 3.0
7330 1.076
7331 0.646
7332 3.0
7333 3.0
7334 2.097
7335 1.699
7336 2.699
7337 2.398
7338 0.764
7339 2.699
7340 0.979
7341 0.434
7342 3.0
7343 1.886
7344 3.0
7345 2.222
7346 2.222
7347 0
7348 1.377
7349 3.0
7350 2.398
7351 2.523
7352 0.439
7353 3.0
7354 2.523
7355 0
7356 0.654
7357 3.0
7358 2.523
7359 2.301
7360 1.569
7361 2.699
7362 1.137
7363 1.347
7364 1.678
7365 2.097
7366 2.699
7367 1.119
7368 0
7369 1.921
7370 2.699
7371 0.987
7372 2.097
7373 2.301
7374 2.523
7375 3.0
7376 2.0
7377 3.0
7378 3.0
7379 0.102
7380 1.481
7381 3.0
7382 1.481
7383 0.785
7384 0.785
7385 0.889
7386 1.237
7387 0.633
7388 0.495
7389 2.046
7390 3.0
7391 0.917
7392 2.398
7393 3.0
7394 2.301
7395 1.377
7396 1.553
7397 1.469
7398 2.699
7399 2.222
7400 0
7401 2.046
7402 3.0
7403 2.398
7404 0.529
7405 0.298
7406 2.699
7407 0.9
7408 2.398
7409 2.155
7410 3.0
7411 2.398
7412 1.469
7413 1.284
7414 2.046
7415 2.699
7416 2.301
7417 1.721
7418 0.772
7419 1.076
7420 1.143
7421 0.724
7422 0.866
7423 1.921
7424 2.046
7425 3.0
7426 3.0
7427 1.959
7428 2.222
7429 2.046
7430 1.31
7431 3.0
7432 1.538
7433 2.097
7434 2.046
7435 2.301
7436 1.187
7437 2.301
7438 1.854
7439 3.0
7440 1.244
7441 1.06
7442 1.721
7443 1.481
7444 0.492
7445 1.092
7446 0.604
7447 1.194
7448 2.699
7449 1.143
7450 1.155
7451 3.0
7452 3.0
7453 1.137
7454 3.0
7455 2.523
7456 0.545
7457 1.456
7458 2.046
7459 2.301
7460 2.699
7461 3.0
7462 1.824
7463 1.854
7464 3.0
7465 1.921
7466 3.0
7467 1.721
7468 1.337
7469 1.824
7470 3.0
7471 2.301
7472 2.222
7473 2.523
7474 2.222
7475 2.699
7476 1.699
7477 0
7478 2.523
7479 1.585
7480 3.0
7481 1.959
7482 3.0
7483 2.523
7484 0.06
7485 1.959
7486 2.699
7487 0.672
7488 1.131
7489 2.699
7490 2.523
7491 2.398
7492 0.184
7493 1.538
7494 1.854
7495 2.523
7496 1.796
7497 2.0
7498 2.523
7499 2.699
7500 3.0
7501 2.046
7502 2.699
7503 1.31
7504 3.0
7505 0.83
7506 1.553
7507 0.083
7508 2.398
7509 0.116
7510 0.162
7511 1.137
7512 2.222
7513 1.553
7514 1.796
7515 1.041
7516 1.066
7517 1.387
7518 1.62
7519 2.523
7520 1.398
7521 1.244
7522 1.347
7523 3.0
7524 1.337
7525 2.523
7526 1.357
7527 1.678
7528 0
7529 1.678
7530 2.699
7531 2.097
7532 3.0
7533 0.582
7534 0.959
7535 2.222
7536 1.046
7537 0.759
7538 0.241
7539 2.301
7540 2.699
7541 2.398
7542 1.77
7543 2.301
7544 2.523
7545 1.745
7546 1.42
7547 0.547
7548 1.432
7549 2.301
7550 1.26
7551 0
7552 1.921
7553 1.143
7554 1.137
7555 2.398
7556 1.921
7557 1.638
7558 0
7559 3.0
7560 1.292
7561 2.699
7562 1.495
7563 1.959
7564 1.009
7565 3.0
7566 2.301
7567 0.921
7568 0.854
7569 0.126
7570 2.699
7571 0.354
7572 2.0
7573 2.523
7574 0.879
7575 2.699
7576 2.222
7577 1.081
7578 1.959
7579 2.699
7580 2.222
7581 1.367
7582 0.167
7583 2.398
7584 0
7585 2.0
7586 1.553
7587 1.77
7588 1.699
7589 1.194
7590 1.208
7591 0.606
7592 0.9
7593 0.74
7594 1.26
7595 1.77
7596 2.523
7597 2.699
7598 0.848
7599 1.481
7600 1.553
7601 0.921
7602 1.886
7603 3.0
7604 3.0
7605 1.444
7606 0.227
7607 0.91
7608 2.301
7609 3.0
7610 1.638
7611 1.244
7612 0
7613 3.0
7614 1.921
7615 1.292
7616 1.387
7617 3.0
7618 2.523
7619 1.155
7620 1.357
7621 1.824
7622 1.31
7623 1.699
7624 2.046
7625 2.0
7626 2.523
7627 1.921
7628 3.0
7629 1.602
7630 2.699
7631 1.357
7632 2.523
7633 2.398
7634 2.398
7635 1.569
7636 0
7637 1.137
7638 3.0
7639 1.854
7640 1.347
7641 2.523
7642 2.523
7643 2.301
7644 1.046
7645 1.569
7646 2.398
7647 3.0
7648 2.699
7649 3.0
7650 1.481
7651 2.699
7652 0
7653 0.854
7654 2.301
7655 0.146
7656 2.699
7657 2.155
7658 3.0
7659 2.222
7660 0
7661 1.398
7662 1.699
7663 0.697
7664 3.0
7665 2.699
7666 0
7667 1.301
7668 1.569
7669 2.699
7670 2.699
7671 1.523
7672 1.553
7673 1.638
7674 3.0
7675 2.699
7676 0.979
7677 2.523
7678 3.0
7679 2.699
7680 3.0
7681 1.921
7682 2.523
7683 0.385
7684 3.0
7685 3.0
7686 1.658
7687 0.08
7688 1.268
7689 1.959
7690 2.0
7691 2.699
7692 2.0
7693 1.377
7694 2.699
7695 1.036
7696 1.585
7697 2.0
7698 2.523
7699 3.0
7700 1.678
7701 3.0
7702 3.0
7703 2.097
7704 2.699
7705 0.936
7706 3.0
7707 2.301
7708 0.936
7709 1.161
7710 0
7711 1.921
7712 1.237
7713 0.217
7714 0
7715 0
7716 2.699
7717 3.0
7718 0.818
7719 1.921
7720 2.301
7721 0
7722 3.0
7723 0.684
7724 1.009
7725 3.0
7726 2.0
7727 1.77
7728 3.0
7729 2.523
7730 1.131
7731 1.161
7732 0.173
7733 2.097
7734 0.495
7735 2.155
7736 1.444
7737 0.513
7738 0.613
7739 3.0
7740 1.77
7741 1.538
7742 1.432
7743 2.699
7744 0.348
7745 1.721
7746 0.854
7747 1.137
7748 2.699
7749 2.523
7750 2.699
7751 2.523
7752 1.569
7753 2.699
7754 2.699
7755 0.438
7756 1.538
7757 0.674
7758 0
7759 0.662
7760 1.658
7761 0
7762 2.523
7763 0.9
7764 1.721
7765 1.77
7766 1.367
7767 2.097
7768 1.921
7769 1.42
7770 2.523
7771 2.097
7772 1.056
7773 2.0
7774 0
7775 2.097
7776 0.951
7777 1.456
7778 1.292
7779 1.854
7780 0.291
7781 1.409
7782 1.959
7783 1.921
7784 0.298
7785 2.523
7786 3.0
7787 2.301
7788 2.046
7789 1.824
7790 2.097
7791 3.0
7792 1.276
7793 0.354
7794 2.398
7795 1.187
7796 2.699
7797 1.959
7798 0.099
7799 2.699
7800 0.839
7801 1.268
7802 0.951
7803 1.678
7804 2.523
7805 1.432
7806 1.387
7807 0.215
7808 0.226
7809 0.666
7810 2.398
7811 0.481
7812 2.523
7813 2.699
7814 1.523
7815 2.523
7816 2.046
7817 3.0
7818 1.509
7819 2.398
7820 3.0
7821 2.523
7822 0.544
7823 0.562
7824 1.319
7825 0.827
7826 2.523
7827 2.0
7828 3.0
7829 3.0
7830 2.097
7831 1.119
7832 2.046
7833 1.125
7834 2.523
7835 2.699
7836 2.523
7837 2.222
7838 1.796
7839 1.796
7840 0.821
7841 2.301
7842 0.213
7843 0
7844 1.125
7845 2.222
7846 3.0
7847 3.0
7848 1.854
7849 1.959
7850 2.523
7851 2.301
7852 3.0
7853 2.523
7854 3.0
7855 2.523
7856 2.301
7857 1.523
7858 2.222
7859 3.0
7860 0.854
7861 0.676
7862 0.71
7863 2.222
7864 1.481
7865 3.0
7866 3.0
7867 3.0
7868 1.481
7869 1.585
7870 1.538
7871 2.0
7872 1.886
7873 1.921
7874 2.222
7875 2.097
7876 1.959
7877 2.0
7878 2.301
7879 3.0
7880 1.167
7881 1.444
7882 2.0
7883 1.444
7884 1.602
7885 0
7886 0.279
7887 2.398
7888 2.523
7889 2.523
7890 1.056
7891 1.886
7892 0
7893 1.538
7894 0.684
7895 1.469
7896 2.155
7897 2.699
7898 0
7899 0
7900 0
7901 0
7902 1.62
7903 1.699
7904 1.081
7905 0.886
7906 1.602
7907 2.398
7908 1.553
7909 2.097
7910 2.699
7911 2.523
7912 0
7913 1.854
7914 2.222
7915 1.357
7916 2.398
